tps: [204.67608383596777] 
std: 128.83565587527826 
latency: [3362.696640479823] 
std: 2369.5342516093033 
  
[105.65267321679214, 121.57511870017859, 407.3107049608355, 118.50086655112652, 100.54786961491467, 228.25701100461484, 116.62881871545483, 108.82399872347214, 531.0262529832936, 118.6455318965145, 498.5679214402619, 358.00026381743834, 105.77225542623466, 111.48621812693621, 184.5176438091292, 107.92592592592592, 93.5294349591893, 240.672268907563, 96.05114411569798, 287.963088614466, 289.93746446844796, 106.30124150855002, 331.2127236580517, 260.35203241737366, 269.3322776458168, 86.12289800408611, 76.20627023612099, 111.07943747624478, 95.22988010006038, 77.377459609592, 83.44613133345527, 89.57546121360302, 118.77379441624365, 157.86232055716113, 147.8318626055603, 416.6666666666667, 394.65530596436867, 139.7109151668881, 118.92169825179961, 288.1793759041124, 304.7577760919042, 144.0677966101695, 115.78269099109984, 141.07970222291635, 258.25418362731796, 164.28068528514433, 136.55443812855268, 117.702895111533, 316.4503534873905, 254.60740281864645, 360.3196664350243, 124.350662424999, 407.88770053475935, 593.9268200678989, 129.73917186073285, 149.23875583475115, 114.47026105678658, 107.68672951414068, 113.86160814386295, 181.47646970380396, 107.3073073073073, 102.85646650359031, 120.64945878434638, 111.66812883820027, 128.001595532509, 405.6756756756757, 165.16149596260092, 192.08211143695013, 198.26839826839824, 125.48537919011015, 154.54917473741645, 564.9135711658698, 423.7962594508556, 379.21532607269387, 141.03990326481258, 133.09842235925362, 120.88935235186771, 148.3739837398374, 258.31457864466114, 456.0141189247896] 
  