tps: [290.0052896019239] 
std: 159.7466413694911 
latency: [3754.1925352219973] 
std: 2451.0262743447142 
  
[632.8526437924747, 622.8684531059683, 563.5270541082164, 192.88657558013446, 331.28420421320936, 689.4338380513497, 492.88256227758006, 207.3042312847023, 607.5670173057347, 578.3052645537726, 194.87266842688018, 342.1478683216406, 569.6898311739301, 535.7519788918206, 148.9163365182941, 330.1417081577939, 119.68085106382978, 119.57218197052589, 234.49151197842298, 307.96752442548507, 129.17810431131923, 232.3119083208769, 89.60754589860198, 307.21994789728325, 242.47646824870742, 101.17476802587895, 375.68835406893743, 215.11627906976744, 379.53452086854765, 368.5467816854678, 335.48061134268033, 139.67650784371043, 131.62944870900208, 129.66818201130135, 268.74279123414067, 118.56740665528221, 152.20883534136547, 140.26991728341315, 337.2974385781495, 302.73814114924795, 328.4875966924513, 441.02466067673487, 118.56932876041157, 134.3592396223975, 496.53333333333336, 125.35985344150747, 353.4391534391535, 223.98443929079073, 127.09491539179483, 377.4278215223097, 147.91579534364982, 143.65512536244242, 139.52122854561878, 347.1423923652532, 142.40735225290388, 135.76448085159467, 112.64188545186725, 352.23710458820176, 147.2565354783108, 480.7116104868914, 132.0159660966836, 257.90575916230364, 311.0010427528676, 550.5361223413605, 141.78891217374738, 402.62053173896453, 388.5822000807863, 407.3975518893028, 175.2873563218391, 338.4227129337539] 
  