tps: [355.37268560101637] 
std: 119.30355922648454 
latency: [5922.219272594684] 
std: 2649.4622832672567 
  
[388.357117995127, 377.5100401606426, 419.3188163037409, 402.5846019055963, 285.6985698569857, 185.01020939264123, 451.45314739997394, 627.3499512602701, 273.245189723745, 328.4809528310804, 250.346207108786, 165.91466793319086, 437.41007194244605, 367.5313319731857, 370.5426356589147, 514.4212523719165, 334.0114431023522, 274.42484662576686, 451.30511076990564, 166.36144578313252, 245.03311258278143, 248.170412963931, 504.9469543449756, 313.1005960345457, 223.11585035243087, 335.8843537414966, 551.2784490025289, 438.30110797306105, 203.56268697307587, 526.5094339622642] 
  