tps: [346.66042111577065] 
std: 130.67813019842234 
latency: [4892.292058547255] 
std: 2319.093962471348 
  
[491.4038483433907, 355.6194054591668, 265.8153357264756, 208.7567670244088, 420.56187938968276, 417.87439613526567, 366.71335200746967, 252.53603844100374, 362.8571428571429, 209.27578758609448, 385.3458616553379, 391.3641655201609, 242.5333717468549, 349.2231638418079, 544.1743058323369, 335.31241164828947, 310.8860368022267, 713.5322871108824, 335.55454130534, 695.8135698082078, 385.61579442181136, 201.55570807595515, 151.15671464538502, 242.59349198640115, 395.8709386281588, 372.1694036300778, 602.5738077214231, 386.90148596587784, 336.86704913943623, 204.33419195878596, 298.02669762042945, 357.8462719017777, 299.7165285651984, 149.25769997784178, 225.23351259552788, 120.31715400427906, 387.15037385765714, 304.08767399382754, 339.1266087339127, 450.86206896551727] 
  