tps: [164.08400007071145] 
std: 115.41205876049882 
latency: [3122.155151743665] 
std: 2062.2608161665785 
  
[311.6063919259882, 442.68953068592054, 86.46120637966183, 92.90777301669937, 301.8056749785039, 154.27546342435718, 84.60205004522159, 72.5051975051975, 89.96359854394176, 89.73305954825462, 365.4100044007628, 91.51785714285715, 101.16430548770559, 311.4797611147976, 91.47800478556967, 86.92220969560316, 592.6443202979516, 95.7724425887265, 99.46814529817811, 308.6355335246543, 77.06569931479243, 374.7530186608123, 136.08600048863914, 339.3221723152307, 248.27395747031207, 72.6803916038838, 417.44413104794967, 90.85290482076637, 337.0549820939541, 80.97523516989824, 267.06044991831095, 477.1598808341609, 207.61684939411427, 265.5343827671914, 262.1251899958546, 108.52973647578362, 93.02529097750941, 93.15880464312175, 246.77277854367716, 91.5513443876491, 123.32166978598747, 110.0858692377222, 167.96790284103233, 110.90718405873099, 214.20118343195267, 109.7947170373682, 109.58698748219774, 121.01884952876178, 108.97388198526676, 120.39032801661638, 92.27520103972057, 221.01904669825004, 85.74206334367872, 482.7441957749425, 86.05921878461199, 97.01794084370454, 94.78338411235788, 91.05848957944274, 95.58714094359279, 101.89602446483181, 138.63967826048525, 127.68724346730606, 159.4865311679471, 394.27722036417686, 122.44667219416598, 156.64649619363652, 164.4091087553985, 120.14374881785513, 145.36975349766823, 122.68289790917356, 98.0272079086654, 92.65930195325008, 92.50196137034408, 93.84393658637019, 77.92256562394381, 97.20600125774862, 468.8015069460796, 129.19105179675108, 283.116519792978, 84.17014554891121, 97.68647947814108, 100.03379520108145, 108.01963993453356, 114.0593866938815, 91.12574221432321, 96.43232748159534, 90.13803425910527, 277.70140225460545, 98.0914684328095, 83.7507060817172, 75.71087691389938, 56.27589894399144, 63.99808245445829, 181.1119573495811, 316.05351170568565, 74.19092690855203, 62.18983323646443, 211.79749187180678, 67.80039278700232, 70.48549315011796] 
  