tps: [341.53429398874346] 
std: 151.96157289433214 
latency: [4340.094253270612] 
std: 1960.700559104582 
  
[177.73878164953624, 381.58214025721907, 132.60914978065594, 244.4325808419768, 136.12612612612614, 500.9502692429522, 418.7491907289913, 158.05177340729534, 162.75606894684597, 170.29735774041248, 452.05814095517286, 326.68542762755413, 203.71606586559858, 158.54866300531197, 131.8649530972354, 429.6672027712483, 380.86664265994483, 324.75124378109456, 381.41433063491, 618.575185273727, 558.9130206693945, 545.4980842911878, 669.4123432505532, 217.9236247032857, 233.1737048323901, 591.5786548082268, 186.3086883687237, 515.09900990099, 598.3606557377049, 545.5324007993148, 254.0724386896593, 502.10164310278947, 180.09959424566583, 206.17839607201307, 447.05136334812937, 205.40312763367356, 428.9256198347107, 490.23784167554135, 465.76382736362484, 162.6085545004464, 197.92345889552087, 376.4155844155844, 457.60345265295757, 405.7891862370289, 351.07803854226296, 409.1290283934348, 389.65517241379314, 379.3571751923948, 369.52998379254456, 399.3416054697392, 150.95146461406884, 171.11273524575188, 356.743713487427, 148.34039065701407, 394.7578853842736, 663.5570267830274, 252.10084033613444, 199.77205379530432, 216.7381974248927, 306.4767573696145] 
  