tps: [384.72858485892374] 
std: 161.8519550867437 
latency: [8547.309458009251] 
std: 3709.657056945882 
  
[523.0774630585097, 449.24504275059127, 458.12906453226617, 453.27102803738313, 882.7338919176027, 348.47063238881594, 303.1318281136198, 296.74150020623415, 371.51677634251365, 335.69887984415226, 119.9215771702429, 373.68586223128824, 262.1664050235479, 255.67439726075753, 310.4189422500969, 276.2153101136152, 484.54663935952334, 647.7272727272727, 276.4479722187771, 265.751211631664] 