tps: [338.16358435259315] 
std: 153.87704146288186 
latency: [4735.969005957515] 
std: 2729.7155048766626 
  
[160.34519048621343, 221.84254903701074, 249.02585901523204, 501.1083743842365, 183.7811689168389, 306.0498220640569, 146.8452679018528, 301.0413931915638, 306.2522393407381, 153.1876451862686, 403.0339408490669, 270.125505435068, 554.3008967120559, 270.263817595798, 470.69395906140784, 155.71411197145983, 436.07081386771574, 481.3795102159107, 422.5769991523029, 385.6241494494618, 213.12675369037453, 682.9590488771466, 529.967069154775, 336.15344872126065, 223.32122710764236, 178.33617955598925, 464.59323994345203, 361.4649681528662, 152.192767449753, 155.46452433980275, 181.50574154940966, 461.07296636797395, 567.6680086714152, 389.2055368151681, 433.8618215484319, 449.93513386012506, 311.73199390079833, 414.82300884955754, 487.92270531400965, 172.83218537608906, 153.2489936745256, 140.7274652763635, 182.1626202702029, 146.20239390642, 423.37142184002823, 251.09495444989489, 681.1008711021335, 248.06045745065725, 503.32724425887267, 631.4812523202575] 