tps: [124.43193608539823] 
std: 42.78525090661377 
latency: [3571.595956730791] 
std: 2359.679347081019 
  
[91.813873330461, 89.78670253651038, 168.41143236955799, 164.843919750851, 130.35068014476477, 94.75806451612902, 126.20320855614973, 67.11040547142159, 77.9111035997972, 43.60189573459716, 47.70900321543409, 81.28576236957254, 86.32586959583158, 88.85464817668208, 118.88862389697115, 95.42583407520455, 199.21541872761384, 173.4156378600823, 184.02862486785395, 105.8475866392048, 98.30028328611898, 171.86236077406508, 127.02442440689836, 191.8116559192116, 180.7485114828466, 123.96804855192111, 159.22037305930974, 187.72998350463138, 126.39845891679633, 95.81074420896994, 114.94568953664238, 142.64061973728528, 94.92982265259492, 179.11221738228585, 105.45112781954887, 197.84150477952514, 117.68966831871903, 130.62212738017072, 129.24187725631768, 197.39339491332407, 200.02570198547838, 141.9401176100911, 138.80637321091007, 127.52136752136752, 72.28648672605594, 118.47865087908144, 140.08381082699051, 66.11893583724569, 123.24125230202579, 98.17691707455488, 69.11089764115701, 93.27879860814357, 130.08819538670286, 152.3708982141286, 67.97471114017877, 55.72276206036633, 210.8584767009596, 201.73663800370932, 98.13437288674967, 148.03382924871903, 135.77300450808804, 165.4914196567863, 88.65638766519824, 103.28915071183111, 94.79032042426132, 86.13409896976862, 98.09422462997001, 191.7877661372085, 94.40006656681643, 89.29870352145822] 