tps: [287.1471492105608] 
std: 102.18721626186121 
latency: [5893.907037208305] 
std: 3056.4142079180306 
  
[333.3105988268994, 342.7018522491597, 511.5564037319762, 203.14335480212256, 224.5734059902152, 214.58350363770128, 229.8136645962733, 199.07258064516128, 390.21911000677665, 246.98182742406914, 205.27730539250646, 419.37432057011716, 295.1807228915663, 146.08794254756205, 200.26321561745996, 144.71580572247643, 331.0459324847814, 280.58228472736243, 291.7181705809641, 301.3144085161677, 192.8610653487095, 272.86092325786535, 353.0318602261048, 290.45199251136665, 200.93641972607534, 274.47498928549567, 276.72682016179215, 253.43647392731924, 236.63336360884043, 207.10000983380863, 497.55153171620543, 205.04178401588254, 331.3566146862874, 182.4359644537376, 288.95148669796555, 226.63665720716315, 662.3952288845907, 352.15211598392125, 331.0457516339869, 338.2885042939971] 