tps: [145.84768235892642] 
std: 57.95199747335675 
latency: [3778.2526200575435] 
std: 3701.630240824632 
  
[146.13326538412537, 117.00322416426269, 105.75823058344986, 207.56190922584173, 158.51612903225808, 101.12316479472534, 108.45441983166533, 115.23178807947019, 233.3096590909091, 231.527993424057, 125.77800829875518, 146.32450906563167, 105.10821792851813, 112.16548050110292, 213.37328497082478, 343.2454408177489, 139.82833247744114, 133.73591575226453, 89.23473616355098, 88.0227621714389, 73.34675428267558, 89.75098944591029, 67.629527739569, 81.4904819765087, 141.94065757818765, 195.67710630789588, 88.2868465172992, 162.67457847890586, 185.42008655424564, 201.25569794443965, 118.5518102372035, 201.32508833922262, 144.7845096814491, 120.06947301064947, 193.46907414521704, 107.4063268453299, 251.86243494234108, 111.41022986125492, 118.0008391999627, 138.60103626943004, 178.8158609451385, 157.98201972593174, 109.90345885812927, 74.81796612942813, 153.15862547726485, 156.38316004772457, 80.79926504363803, 236.86531435051026, 268.1498829039813, 152.6959673765292, 141.0507569011576, 81.00241724631246, 216.4804469273743, 69.62460096173274, 152.0232296740352, 130.50287106316338, 86.5127449375034, 56.56427392407102, 67.55173760249903, 171.3290641500955, 87.44925575101489, 79.53216374269006, 89.55393718707327, 76.31828656635489, 148.3360276492558, 122.2501255650427, 224.56231582596638, 234.46377840909093, 138.05949402279677, 101.13296199461938, 238.51106994795802, 235.80562659846547, 158.08952238059513, 242.26029455966335, 130.47187003218176, 230.3267202596062, 152.96384657735365, 99.62406015037594, 136.62327569457938, 184.87627043747239] 