tps: [449.6644023221596] 
std: 139.29083422038454 
latency: [10961.101002969332] 
std: 4505.942594740704 
  
[429.88999873561767, 403.54391371340523, 606.124081197395, 489.7480544401408, 337.7212147694997, 395.9692293850376, 403.36755327422617, 363.45430910304606, 460.59365404298876, 627.2098385857033, 466.26808385001476, 500.11241849658995, 675.5613407094045, 657.4553571428572, 469.0700222952802, 670.1757476985421, 232.74787535410763, 183.50981002802865, 316.8480559935392, 303.91748762776933] 