tps: [127.7967810895896] 
std: 61.296747259022695 
latency: [2980.3656225857644] 
std: 1992.436951636641 
  
[86.91971214900522, 72.1632102512224, 69.80311940680133, 108.42181626327243, 141.816194553238, 66.10156310755113, 114.0696909927679, 194.57770835657706, 154.48048378229797, 105.70926923775504, 88.91600409352122, 151.7245962650362, 190.08264462809916, 358.2577672067786, 152.08128482464764, 109.70484061393152, 91.79238046535413, 172.490763546798, 16.903313049357674, 91.99555308504725, 145.0834700376339, 221.05760895263614, 148.5351254856663, 0.0, 226.11689226195134, 137.49100503717918, 276.3358778625954, 269.39462994154366, 138.32578106367757, 134.30761859127935, 98.5147486497715, 93.43123461132606, 334.35306820226737, 176.04487063506423, 142.72445820433435, 86.79569892473118, 77.25474683544303, 96.60251841292468, 85.91325109430959, 91.17132867132868, 202.77932184546972, 104.29694222936148, 214.0557344287776, 108.24385174922065, 150.27494816550978, 95.6913050225004, 76.40209125475285, 76.38711870167388, 72.9742352300148, 149.4604729471187, 97.0886404990902, 72.44711190567403, 126.12201430092803, 65.7639433596169, 299.93658845909954, 79.6049886411053, 82.83809622241745, 102.56410256410255, 109.35242348614211, 225.24859489840034, 100.01362583458236, 61.91577973160574, 97.54449200270331, 54.74396432415808, 63.693353112887024, 100.82241851964666, 140.61930783242258, 118.81031482360386, 86.94813957971853, 131.02537496462597, 66.74607563704429, 147.04281567489116, 78.69446120989832, 149.8496035001367, 145.1022412715421, 189.98559875927774, 181.09803058642314, 87.67471410419314, 147.3334530436344, 146.28736740597878, 113.86215864759427, 103.16746366175845, 98.05854369348134, 112.33490678491394, 104.9555756164774, 94.98951293404801, 141.9335880105789, 250.8020164986251, 111.15732556930435, 121.06713817671226, 90.76988515525308, 133.4152909495375, 108.0530603718404, 92.40275242241259, 185.29904974846283, 207.03876821556227, 106.79813181110535, 99.63082387027431, 81.51797117314358, 97.4746384631988]