tps: [118.96481173803154] 
std: 50.64461209352839 
latency: [3103.4658457557634] 
std: 2134.3781549725963 
  
[229.5694200351494, 119.85563769718844, 234.11730262515857, 89.99000538171754, 170.5101823600369, 212.77577771623743, 199.462890625, 93.77221966623448, 205.87970060420236, 165.03325166258313, 184.65280849181778, 126.70788489428287, 137.33808044845088, 128.61856907154643, 131.7320039277891, 77.95630366403128, 158.0073077265841, 144.48840136666067, 116.05886116442738, 65.3307713423003, 55.786916536526114, 110.73598919648886, 117.34234234234233, 72.99123904881101, 58.95835986247294, 68.52815037868419, 54.68362164432734, 73.8400789733465, 70.57312171066263, 62.705200437760936, 16.414523449319212, 113.7797370221175, 100.08970908624887, 72.14566553422148, 75.68396829455382, 132.32360546730698, 100.76614374315943, 82.14842674983946, 72.12097712291586, 105.79122095167835, 174.0777889223225, 130.4691618344755, 143.68266405484817, 179.61542736467712, 74.46077757933782, 121.77177177177177, 143.37264566097517, 150.63731170336038, 79.52204367531932, 76.73603956315681, 137.0637696257162, 78.23187414500684, 134.9384601563202, 65.35514599295921, 266.9785906706366, 88.03811611923936, 86.16600790513834, 81.83722321962897, 166.24569460390356, 90.20582953446609, 135.30790539100786, 173.49056603773585, 82.67716535433071, 107.87801778907243, 146.04631754642185, 171.9382230580726, 263.3655553363583, 121.0267322782285, 181.24752213558872, 227.40747014482932, 128.3679663787065, 124.99421323086895, 110.24331631120457, 83.00111103849422, 55.31024866372298, 58.6940572267058, 104.03445149592021, 52.788479178132455, 93.98002103049421, 98.48088004190676, 51.258732586499114, 140.21815622800844, 78.59358841778698, 68.3454770122289, 131.92589401120208, 136.22859140160782, 72.0855703999667, 157.0091691086114, 137.45460986626517, 134.76032559541753] 