tps: [233.6092251622123] 
std: 92.65697199085722 
latency: [4648.131415782876] 
std: 2381.413647224648 
  
[458.3592293349907, 170.10821877742032, 124.52350698856418, 236.531190926276, 141.96419641964195, 241.19283876725993, 275.9168704156479, 238.43733613004719, 318.4487232008739, 197.45570576874633, 207.90513833992094, 157.23566116762117, 349.80602253833365, 364.09346347234543, 229.43722943722943, 191.99423407440264, 332.05078876490956, 151.44269735775654, 144.6290662298151, 196.98979825243606, 184.6725719708953, 91.08024433101832, 93.12739901297752, 100.74396810390891, 158.30912704479437, 181.1490359562272, 182.75195091042485, 222.17940813810108, 125.70563128183946, 269.4521819870009, 298.0177717019822, 163.82861267994394, 194.9413942011104, 211.46383655149845, 388.3515126569253, 243.07677840989234, 404.3750495363398, 281.82286302780636, 402.8067361668003, 448.8896282125925, 156.42048319809288, 190.90569461493303, 340.42149231061325, 137.1799135350848, 174.1311176410984, 157.9106150066802, 342.0696324951644, 283.52902265586243, 274.67776799295495, 247.94790041381182] 