tps: [330.0559597914702] 
std: 115.74889623554142 
latency: [7774.788062704845] 
std: 3426.4690821250883 
  
[219.4146743610882, 248.34600032806603, 239.77641691669064, 498.0259769983407, 392.98791651409744, 485.6897538637665, 380.1923576813101, 287.07549474712926, 308.88252148997134, 159.0677477956489, 220.30204743563755, 263.00845626813157, 309.59752321981426, 222.81702944295745, 200.84190426593761, 393.92562787981046, 259.38189845474614, 292.0547147846333, 206.68058455114823, 273.980875691998, 218.0069788200925, 255.4794229050517, 298.97682816731873, 385.9124286102801, 326.1454443239771, 612.6705955334987, 442.2665314858623, 576.4670837056896, 450.806493439137, 472.89746406227613]