tps: [180.34709885607657] 
std: 93.5219642272788 
latency: [4310.229766925798] 
std: 2621.867869073628 
  
[115.36277464727209, 95.32916826044456, 570.74395253309, 152.2611356681401, 202.52330289049993, 122.75144923205642, 245.92736916166044, 244.24017441517884, 369.9426909588572, 217.58098485608264, 190.85530322805187, 176.594708651193, 213.41280176299708, 189.9980407523511, 256.0945273631841, 182.82464290365996, 395.20112914608325, 171.9401413086409, 145.85707309132346, 140.11369938990572, 156.94478628271392, 113.07854137447407, 127.41495792343251, 93.18361831989935, 71.11159216365407, 77.86034678985071, 92.46670366259711, 69.32002645343594, 69.67260864499592, 67.15966095831172, 177.38487574596954, 325.5208333333333, 361.4501401319953, 193.9429237041351, 284.37132784958874, 209.8771911409678, 282.820473171486, 161.94313857174836, 340.7101901217181, 215.24498681547803, 161.96517748684033, 164.6113522107163, 84.84540878907076, 158.93166840097123, 116.12748908688633, 176.85898443640937, 163.46790205162145, 120.77159630975679, 179.72080581793867, 122.08562950402712, 97.29988052568697, 97.91666666666667, 260.48427358961555, 191.5121951219512, 112.39756806767116, 93.58833008226613, 111.20188380027872, 188.77216021011162, 97.91117069584396, 229.32179512980477] 