tps: [89.06849743887673] 
std: 30.20046322011973 
latency: [6739.743084503671] 
std: 2598.212049678799 
  
[100.95775387037523, 89.5474050684155, 88.60263889432677, 92.05833399381785, 106.56061871072636, 82.03742509466564, 92.78894896924636, 58.287756771887516, 56.12529500107273, 98.79863099811413, 58.526315789473685, 62.64048517748844, 59.83935742971887, 130.32006920415225, 162.27081086381017, 85.02377524756795, 84.15567843470863, 76.47760177141883, 85.42546100866474, 178.87667887667888, 79.2523510360167, 65.62079607501781, 71.40726854416089, 65.58304714330316, 69.67526457687819, 67.69081107373029, 70.83950518435486, 69.91104757366374, 132.81061519903497, 126.27467489942931, 116.44854253420584, 120.1806610552248, 116.29828547820699, 126.50602409638554, 129.07389480477573, 61.56565441458325, 61.32505175983437, 100.79440927009915, 63.72632656543252, 68.49987200273061, 141.75257731958763, 129.55188463995617, 57.55441201282268, 52.612512785543814, 54.20118343195266, 50.748402287251935, 52.992026525617746, 57.84067085953878, 51.91425376874734, 77.55102040816327, 73.46073853157006, 163.13405064315185, 65.02174324068822, 72.00545803215813, 74.9776368219891, 124.79576498268086, 65.42111506524319, 115.76427255985267, 60.73500228972676, 70.72832169348891, 57.88330229671012, 132.4046649389115, 67.21767732141352, 104.37570256879971, 98.40435882467406, 111.49463528237546, 103.88870810283112, 98.18215544425895, 108.00960466512306, 107.36581891314367]