tps: [69.0301485694608] 
std: 29.185448749899408 
latency: [5990.738322134243] 
std: 3399.393746615534 
  
[105.88424733161575, 121.4023930149833, 115.18749682853807, 105.57121697166612, 109.64692938587719, 107.27490996398559, 106.72736469398077, 104.99766464269032, 104.00816478010762, 40.076162843412824, 43.377332726445154, 35.95708727944355, 34.431423445432685, 33.50515463917526, 38.92156475743102, 36.21883927523187, 38.162659180601324, 45.35745125664682, 44.795485438892776, 138.85733757383008, 53.676343528598586, 54.18833580980683, 90.98529299702813, 53.677976667557225, 50.98712819620804, 43.801889493272256, 53.6714895040562, 49.38839142948513, 45.89333118815864, 52.57386410659604, 51.875849932005444, 50.020964360587, 55.06188511583625, 67.03473769015687, 57.633996254347636, 50.5890367046001, 51.82471849138516, 48.732943469785575, 53.2845371265479, 79.61889532946898, 52.84830284830284, 68.75178520422737, 49.20399066015708, 82.97279460291853, 51.88700875865548, 54.93332258974255, 55.609538847726625, 56.50191938579655, 54.58306201401923, 65.36168521462639, 60.43514913090602, 62.12968371860135, 54.14471517945341, 53.63422079678504, 62.15255068672335, 57.93780067426796, 56.83702698628072, 113.442775282639, 62.058895108298856, 54.05098721537182, 58.790208375480475, 61.89579946958679, 64.24749741111495, 108.79134441336186, 107.62175057584732, 105.93395679880824, 107.77754976400576, 103.53051643192488, 100.76289749981116, 113.78347506028683, 94.58924328605372, 104.28405866602725, 47.19461737751827, 175.11784030852735, 45.05164174502852, 48.65711905423097, 44.39537008833384, 56.6482184512647, 48.27992923137409, 85.4098952690502, 54.3739880092775, 156.41926511491727, 84.8477964561563, 82.61673229928473, 47.64144604219863, 45.63266338010365, 56.51563428201113, 50.53937176258138, 50.8792225821379, 46.12461371419026] 