tps: [154.78616460047175] 
std: 39.54097465868995 
latency: [10036.253041649083] 
std: 3547.9440270743307 
  
[118.00625906419357, 151.13946190647667, 110.4954128440367, 96.10660314151716, 135.19398258115598, 141.14886853856052, 138.28588051343587, 139.61376933845435, 253.87762442116622, 212.51411366202484, 233.59958098729865, 262.7754013154869, 110.7658751388946, 137.0951103775531, 99.42670243651465, 104.024582177921, 140.9775114608526, 133.15871442729718, 139.74011911207364, 139.27179561200924, 188.99692252798715, 161.68303283966517, 186.1916440395901, 176.05147249330685, 136.3395849256276, 102.65787575976098, 118.4128143587603, 137.5300251918683, 156.91279624787282, 184.10861647687983, 170.32688766114182, 201.62991371045064, 125.82417582417582, 196.39405204460968, 178.04838249092316, 177.88423625897013, 147.46236845610764, 160.03783613350748, 149.0811153358682, 138.65546218487395] 