tps: [311.1379759189316] 
std: 183.94376968357267 
latency: [17308.342831061942] 
std: 5260.414528009092 
  
[234.92043324969032, 246.24000563558874, 253.52834242274005, 143.41408150344873, 150.48088608034445, 78.12450946535648, 295.39641943734017, 426.7194323144105, 283.9766081871345, 209.69988393301276, 382.9342327150085, 347.63572679509633, 74.34567162193622, 345.96142452768083, 505.2569722381043, 597.868638538495, 232.49178913844008, 52.27743271221532, 695.1947445644925, 666.2922832980972] 