tps: [181.6257995770719] 
std: 122.54707783767998 
latency: [3374.8510334410676] 
std: 2646.200698908957 
  
[222.20062208398133, 178.83439410957195, 61.69296987087518, 220.95641806861835, 65.30222186828064, 1.0649627263045793, 66.25977341630764, 61.58896400797218, 66.63033605812898, 119.14536705955062, 468.2736618220489, 391.6355075474311, 391.4760348583878, 386.5064190111991, 374.2215001353913, 408.7750374710451, 111.62643199746303, 365.05503692350567, 101.74955769608808, 122.42672714584786, 336.54472073948705, 145.0178474196866, 457.97151788815563, 344.56566772545233, 96.32586678494863, 124.56010774644828, 254.5314307751639, 277.18202796253564, 109.64260964260963, 80.0, 346.942962659007, 82.52927043209641, 72.7900972053463, 113.3633236305901, 269.4626825673322, 328.97745834694547, 64.52603412729745, 68.444555736405, 71.48677044470175, 207.80276347873206, 176.8726079825041, 75.18040673518479, 212.2104699424287, 194.61783881259538, 67.11858732948365, 254.71486304445443, 108.3135600667897, 109.2561192991609, 103.32696316886727, 102.65976651823324, 265.0643195666892, 273.9337714212086, 317.65195670274767, 319.0968443960827, 124.65170075180063, 221.40566541956173, 352.51067290099616, 90.066456803078, 100.83630978308216, 462.9678094739597, 89.77112806458781, 84.21518380590686, 84.61780434098773, 80.10521281683405, 219.7621976219762, 75.76966023289201, 69.9472619850113, 72.11747328177947, 79.50434529502266, 72.66627027945299, 321.99896960329727, 214.3802966101695, 87.99494690300422, 281.66544923301683, 85.18368994751717, 106.6929314215035, 99.4353691651222, 269.6404793608522, 86.71989830373813, 460.2786604742117, 85.22098428392238, 92.86209286209287, 77.17628395796153, 91.86112197453612, 253.11843027330065, 71.62564838318066, 78.303065951033, 226.31578947368422, 377.5829680651221, 79.24199865490367] 