tps: [296.95912645025845] 
std: 137.28242847221873 
latency: [4224.7443737958265] 
std: 1871.251917896851 
  
[154.87267384916748, 115.36134766624784, 303.16905651283287, 240.04044489383213, 202.8535459504826, 142.0379089701799, 142.39438520718045, 350.1146927441748, 241.23979481251357, 135.28161087255597, 370.0738145877643, 449.4186046511628, 234.21926910299004, 381.6625916870416, 164.8790341974893, 370.457646037455, 138.66981569735566, 114.35631532042453, 191.05096317971226, 164.82955705245968, 270.5330204492122, 80.88847274240533, 132.69671504965623, 241.35063206919497, 369.7674418604651, 481.82359952324197, 350.98459340883585, 409.04931367564814, 360.81993943629163, 201.1875172604253, 514.259308159493, 526.106833493744, 396.9032258064516, 387.13152482616783, 618.9789443322758, 425.6899147014551, 471.69117647058823, 476.0206810483152, 502.9986962190352, 460.5890260295735, 198.4685172083732, 526.2669962917181, 76.71701523366899, 285.8142382368375, 177.62758859717528, 328.09364548494983, 255.35441101478835, 277.2201753271503, 194.280205655527, 477.2146187396601, 151.11349349446908, 446.39670555936857, 400.0501002004008, 326.3516804676084, 156.22364648338674, 377.66959798994975, 301.88423478378746, 123.82445141065831, 342.14701216287676, 108.37560311765434] 