tps: [313.9059663986543] 
std: 120.03174244027423 
latency: [5112.399247603414] 
std: 2343.332674881769 
  
[396.33863023882543, 444.1525588635921, 525.0916590284144, 224.9572513619915, 127.7476079648306, 145.0907500546687, 264.15964932518165, 247.3178994918125, 385.83734198456204, 397.7159330302694, 332.061628760088, 165.51113165395577, 367.84521478751583, 234.6117424242424, 377.1977721961341, 477.28270412642667, 162.13102379722696, 217.35515718368407, 357.72698678968334, 183.89446741484545, 237.56252842201002, 409.682899207248, 411.436043747028, 354.83870967741933, 343.45853289639524, 347.35652392314455, 169.05649555491826, 119.13857520675033, 398.47348335307277, 179.38898450946644, 447.2708002119767, 252.9008215465402, 495.48708372237786, 246.82704272086272, 450.25008931761346, 569.0893724910205, 399.8615597600369, 219.79373639890244, 336.83489381137247, 133.50336899006433] 