tps: [132.47907348879147] 
std: 107.3345306717548 
latency: [3088.4907505244823] 
std: 2172.1470214247715 
  
[94.6300507259052, 95.08225334904219, 98.53405898876404, 105.7964750516256, 166.70587312789146, 360.06022962544705, 106.31261550432836, 451.9362186788155, 88.69411386297845, 87.10438922898412, 173.64362434591024, 50.17363190037121, 157.45658102483137, 150.1959686450168, 231.8097014925373, 284.4995140913509, 212.32972897065017, 53.7656307278726, 177.51235584843494, 235.29411764705884, 41.58544509421702, 56.85215293438926, 52.805427844485116, 54.40205254905687, 53.352104471090826, 143.89341228719468, 48.74851013110846, 45.385476647472814, 41.93406943835453, 43.37772107487441, 118.64107654974632, 110.8560183666776, 182.05568924028876, 106.94859105967036, 125.28538812785388, 153.71959102127158, 117.49081411306389, 362.7424568965517, 414.03026134800547, 534.3706913531613, 492.1045819311416, 88.17731832318542, 86.8899983894347, 85.1339321841871, 98.18199124309918, 84.44977929218616, 87.42004264392324, 403.2493230576963, 83.59851746471492, 78.28105996388162, 80.18225374606604, 92.92841648590021, 122.46564158388897, 78.27651265850555, 72.64078687467247, 95.8567415730337, 75.38049774297926, 89.73358056016396, 381.2780004715869, 70.78541162227603, 122.47822731782604, 47.56113451765626, 42.716059175822, 45.34548944337812, 43.68208902909218, 66.48558295027162, 210.22364217252394, 49.78187303787662, 53.28525641025641, 55.87450473033071, 71.78710859692454, 73.52178940233644, 214.55737704918033, 230.82336382828993, 80.72793134675923, 68.3371298405467, 347.59472115793955, 128.3627978478094, 65.57983069017781, 64.90160200156839, 100.29472572911627, 88.18548912335548, 81.89259333200239, 94.38329839273236, 85.73833573833573, 82.38921288213662, 84.23552139091238, 74.31419577274771, 77.34786153732118, 76.03926526362758, 154.04854305071368, 100.14481941457849, 143.32683877252802, 96.10117609150959, 105.33558238636364, 90.02295887541788, 96.02969657843771, 91.78092455233386, 408.4940500615511, 97.14627818798643] 
  