tps: [311.141097720985] 
std: 119.70406512460596 
latency: [11365.123472911908] 
std: 4477.016624532129 
  
[317.40855002203614, 521.3590235874932, 384.9104859335038, 200.62254067069946, 434.25389612467603, 523.462384658326, 555.9970116816082, 229.57709482532178, 305.2826893691333, 231.8192515886091, 284.52126626529423, 293.6547967315646, 80.82326037242731, 189.26903650052415, 350.7751937984496, 232.82868525896413, 258.0467675378267, 212.8017967434026, 273.11204295175764, 342.29617979808233] 