tps: [295.81732608747404] 
std: 121.7979619615423 
latency: [4947.1292087792335] 
std: 3652.4888379191448 
  
[335.37653239929944, 281.7211055276382, 242.13390111189966, 266.9634263715111, 299.8002283105023, 507.449494949495, 176.35810517166448, 308.9430894308943, 390.6268036476971, 402.3601847101078, 407.40291262135923, 245.77307719979856, 152.56355019388195, 433.67075119872135, 366.35863843724417, 639.7252265419469, 301.5314968214217, 316.0270880361174, 210.43671061487902, 186.64763717094831, 478.1181619256017, 432.3175053153792, 186.783397031375, 397.2542559033498, 456.6123531640773, 175.44018058690747, 437.940945910635, 401.1004126547455, 377.6632302405498, 439.6081175647306, 139.9505885772417, 97.64882441220611, 271.69253510716925, 242.71585137663726, 251.42314990512335, 111.34285255896037, 364.75648029757065, 147.50371600944305, 136.7587327376117, 135.827884072011, 391.2390198797966, 149.65115799033975, 137.08187974553664, 154.71925940833165, 366.90564292321926, 279.6510652575071, 186.9473102431835, 350.9493670886076, 378.4839100578969, 240.9085559609274] 