tps: [298.4864534887896] 
std: 99.6804372749475 
latency: [6870.078967226] 
std: 2702.620260329758 
  
[229.91235266180215, 275.2476829658038, 251.3366124893071, 269.22341239479726, 137.50261743561109, 287.61845256690617, 252.2258301036975, 281.1781451877806, 480.6924101198402, 437.00746033413895, 290.97375756993176, 349.81606638720166, 151.14301908180616, 224.477729601892, 184.4118255116808, 466.1291908366926, 272.264631043257, 239.47245096070162, 180.29181025001833, 215.6790031892012, 165.86233172466345, 353.5578144853875, 330.7888040712468, 336.2208549222798, 391.062471500228, 220.2813067150635, 524.4831338411317, 361.6548513384827, 379.08496732026146, 414.9926080528741] 
  