tps: [207.4672102186817] 
std: 135.5131571306981 
latency: [4062.4997935483307] 
std: 2703.1397814517663 
  
[284.5129642606868, 221.64344315666102, 237.5886524822695, 358.5916570991198, 78.4412367942417, 118.33196228564196, 86.19450654742894, 245.48329795069537, 500.5903187721369, 171.94201406759308, 527.7633627400104, 533.2622317024396, 524.660751565762, 248.04851687282334, 132.48137366161743, 345.06404450769827, 439.4838326905963, 141.38878363016295, 10.192937750273025, 120.92174309833447, 129.22013352904966, 390.42109511637295, 152.6553723914334, 364.892792560062, 151.41926904205073, 300.7459756576364, 133.7249185388441, 449.44683466502767, 78.84552618081783, 190.18914986489295, 79.52270977675134, 202.16021602160217, 160.30123722431415, 138.0311427817366, 129.34606377229326, 415.9724976861034, 138.418557399255, 133.68938979772068, 450.82680591818973, 424.7417287825291, 138.05985990235618, 131.65005911163655, 104.9208659268692, 334.69495322176834, 113.0678490755459, 403.2079646017699, 102.99702585220773, 102.78239202657808, 127.20848056537102, 0.0, 112.72445670587096, 88.86939661142144, 99.27713105520091, 231.40090697389385, 222.5418410041841, 85.3182104599874, 99.96811950630779, 108.44586861982148, 255.52378476735117, 104.7647108342453, 120.85680929902036, 74.59600631155122, 311.22062168309327, 199.18231761850006, 230.0649242550358, 69.65132379473839, 185.03383986719447, 73.275060442626, 277.9505946935041, 72.29029217719133] 
  