tps: [174.21016233453997] 
std: 105.16491810363664 
latency: [3493.4567495867923] 
std: 2467.4492835448523 
  
[132.41948947761523, 530.6895177361499, 240.36080650866643, 127.98856548856548, 129.6962343458855, 113.53815659068384, 113.19734198732807, 130.65109236426565, 129.6498666783232, 118.75161875161875, 115.79800392391026, 341.09128523403155, 139.81734299971754, 110.63778963293257, 170.4643287608334, 112.46991991794548, 147.13560206939104, 127.22862340812614, 140.57521930781652, 124.19811132804718, 166.23849782801625, 135.95205243187306, 390.036138358286, 145.07592190889372, 401.6990291262136, 137.27779940314002, 147.638829203075, 113.78699136868063, 326.3242214879343, 419.3729790524392, 417.1327240485609, 353.46695557963164, 374.6938775510204, 120.79589216944801, 340.8280778722238, 126.0628300366956, 115.49906478490053, 170.94017094017093, 96.2219368896152, 102.1641574985524, 90.73625993778086, 327.6223110603465, 88.70893530873285, 125.26059763724808, 94.89765521937105, 81.62865428325104, 112.05240604836723, 102.35414534288638, 68.87944147587659, 80.10436543479108, 149.40457536822314, 228.4379340825862, 252.66951414842498, 113.7873754152824, 69.1371480472298, 80.29943399671353, 256.62018677241906, 94.3371998459102, 83.60564278313541, 74.15949960906958, 268.3495145631068, 265.81598388179987, 103.93119286711396, 248.25955602259293, 118.2008368200837, 223.80834160873886, 96.20514585663884, 97.89493293591654, 246.61770390413605, 96.94984080107056, 86.76097207109177, 81.62898529887495, 101.76063303659744, 99.1234756097561, 105.62002868692136, 330.6375522307589, 233.71682217592175, 94.31391323561907, 175.626423690205, 389.32078559738136] 