tps: [147.50980991908028] 
std: 75.33223302138579 
latency: [5636.739968913786] 
std: 1989.2474883556706 
  
[94.09777424483306, 83.94783823643562, 29.990220580245573, 233.31023331023331, 76.7996072210892, 212.1565934065934, 150.43943446694686, 151.5969410706253, 0.5104645227156712, 211.40862359981585, 291.1910197869102, 304.058406699592, 286.6544230180594, 248.86144683832546, 221.84598995586668, 132.75908001065625, 200.1156961048978, 191.69713725140463, 211.33858267716533, 268.75, 358.1117742810635, 89.55257170897086, 82.63550389534642, 209.24817032601462, 97.70252197172334, 236.2855678031274, 231.45435368569085, 128.1071835803877, 145.73796857602375, 62.730767766738985, 171.99315166214865, 51.8236683285227, 63.97813761046125, 154.72922385824808, 48.60463308457711, 55.580574945582825, 79.69400800032992, 215.88891706822216, 215.79609098182647, 69.7031091716668, 71.0250516227062, 229.64360041623308, 181.87347931873478, 72.8671740318715, 165.36579683131407, 228.45561686763403, 181.1646297627606, 259.78941239264395, 302.0648706132577, 163.30654979303628, 266.93697392732497, 174.14847883597884, 219.18658801614404, 151.58381293333937, 166.19269707655556, 66.8850337660237, 65.60787706505171, 163.24766624409358, 83.86142796789186, 178.7510734879156, 75.99076567910735, 59.43567273551409, 174.06860517946387, 198.51061464932755, 101.44784305974207, 203.25011775788977, 190.34589571502323, 146.26596156326582, 122.8319142226427, 81.3145504252734, 142.82897979300148, 70.30534351145039, 51.40205608224329, 45.470827031759924, 127.17439785905442, 155.23220747889025, 53.50630603251785, 143.24631101021566, 139.22061596480202, 63.04253992614263, 48.32734412625496, 59.51532430506058, 192.2595886603669, 150.99901735997378, 78.47870824758587, 125.4944869960441, 58.7536756389957, 185.74283810792804, 128.88583218707015, 139.68932913102205] 