tps: [143.73538736281085] 
std: 63.332138493638766 
latency: [5385.258668444183] 
std: 1739.6408010550458 
  
[116.34005529354367, 123.7509607993851, 227.75884357738863, 145.488772354444, 112.70073640315854, 214.12163640341282, 74.1306561908919, 220.04765146358068, 212.80915466961977, 261.9481354479211, 265.7921291624622, 295.4876273653566, 110.83733642537685, 311.73346820078393, 221.77348551360842, 258.8068491656669, 211.31085305940152, 130.56970082749842, 229.42860699614093, 163.5553078852048, 150.80731969860065, 178.2368484266154, 100.30576182345233, 270.95528708431937, 138.52350361986336, 118.71648031997091, 84.72481343283582, 149.78902953586498, 55.1859754821974, 101.34221932236566, 152.0113314447592, 149.15179554968054, 73.01370531141784, 181.63149695510552, 74.60639640133853, 117.15525452428828, 100.96638878564224, 52.667170531842956, 183.7829552421827, 163.26904296875, 160.38458591894582, 105.32955715756951, 200.54534259829362, 211.4670626922669, 190.7439845118466, 124.84427407762338, 167.2518041739809, 55.36141254368218, 204.03040734366036, 205.86914208713878, 163.69832893579596, 181.60813308687617, 170.69818581638262, 81.63166787352161, 71.53469673134067, 84.0635146555175, 169.32546162542394, 174.01960784313724, 142.17305151915457, 146.81018935978358, 104.24710424710425, 132.3529411764706, 61.36262760763426, 59.08910891089109, 142.23120997640714, 195.49223403012962, 83.79120879120879, 81.2682041732321, 163.33240067151652, 77.56673925316558, 182.43379826157266, 94.10293811210668, 41.518704091063874, 80.33596837944664, 79.3103448275862, 107.6339497392129, 100.28425241614553, 81.86998488196302, 79.9097065462754, 34.07240871385379] 