tps: [144.37497006164074] 
std: 62.92919881852443 
latency: [9579.756137191778] 
std: 3230.330783199819 
  
[246.31280726606118, 184.35879639080554, 124.92474413004216, 220.65894924309885, 271.4017958329701, 184.89769405651185, 103.64906832298136, 109.24592247405211, 107.32460923300619, 209.5606542306661, 61.42728093947607, 54.96009122006842, 55.07624398073836, 184.95231152420874, 124.64603066106825, 213.81602716959318, 151.34523103466867, 120.82003024701731, 161.94444444444443, 206.32144685207302, 189.70557527667572, 233.95211658570437, 127.30939895119, 101.22924128948225, 130.41571654095773, 199.48746696564427, 24.702071040148095, 127.39997068738091, 273.85171790235086, 29.66601178781925, 172.35376044568247, 168.910741301059, 112.28930010993038, 32.248342374924654, 141.85831503524787, 161.98454901173872, 118.2671764309007, 112.58770365085027, 104.46442909908463, 114.67101872530493] 
  