tps: [153.87532817563905] 
std: 62.090822296941845 
latency: [7708.721768191785] 
std: 2618.814504762255 
  
[129.16832735485585, 189.09512761020883, 169.02243297464892, 207.82778864970643, 130.27957161766474, 94.2827690111807, 128.8855193328279, 160.03307607497243, 8.017492711370263, 150.68794716565768, 249.68704360525766, 145.41463414634146, 133.3128078817734, 221.2009237875289, 114.2138063279003, 195.76691081430417, 79.9122127549703, 85.47210910124065, 121.1169483782549, 191.5994273815721, 189.90426457789383, 91.2903893951947, 243.81082465425985, 163.59741431148527, 146.524064171123, 127.93296089385474, 109.25090420970209, 5.27756059421423, 128.73065015479875, 172.2826086956522, 360.73348087258927, 223.72432605905004, 177.75391018325837, 152.76103661292754, 217.6038132169979, 103.99316677343583, 225.0862812769629, 117.8219293464797, 116.24427018221769, 153.77896285399044, 225.26807333102732, 106.53800708940527, 162.6554352186121, 241.32035770647028, 187.00900555662002, 117.2432729269632, 142.9172510518934, 45.10856001996506, 170.19815577790857, 162.40859438476122] 