tps: [167.19293685619962] 
std: 90.47212754536655 
latency: [14266.969560641423] 
std: 5650.208754502345 
  
[146.57015157403808, 150.59886118201453, 70.64955120162146, 158.34938422926515, 175.3338898163606, 125.65418163160597, 80.19853709508882, 316.62106336176834, 56.09091861317691, 263.610416152789, 218.98570302825624, 92.33630308796818, 132.20805010310852, 120.37607891491986, 155.94022228897566, 421.2246447096529, 292.01872226612363, 83.29498389323516, 139.10186199342826, 144.6952119805948] 
  