tps: [123.72643381761971] 
std: 55.89642502357265 
latency: [4786.792346775938] 
std: 1603.0466143605654 
  
[150.46684223126647, 109.96223700773243, 166.47711117429628, 63.382007056056445, 62.820960263249745, 59.53226235910181, 139.06653203186357, 53.321056376344536, 140.17763234778542, 128.458730719416, 80.80057634292405, 75.69905113779494, 204.2583904727535, 174.88237810094097, 204.83668341708542, 178.97182102817897, 184.4559585492228, 146.86401177528825, 195.7616909429416, 90.35301552907187, 164.61691873026425, 224.2140468227425, 199.55640810454383, 117.27856385962725, 88.92926477176565, 207.9353416605437, 206.80597711884192, 218.6186606892687, 78.6097159498586, 93.4186046511628, 181.04372691528653, 104.66424909341004, 101.24671916010499, 105.63970351272961, 216.0141381185427, 213.57184241019698, 98.0825958702065, 72.33760703978805, 204.00583631781404, 82.0022740808923, 77.98842792071895, 65.6161806208843, 75.53913975932323, 51.812865497076025, 69.41782462865356, 29.859349780954577, 35.38956497412226, 27.136618839675606, 70.54737094262786, 42.69449715370018, 142.0440929786724, 170.2660406885759, 53.93944720305839, 116.19353013298124, 70.60996040207128, 53.63156283483851, 50.25020850708924, 121.48425935063655, 56.51297659688233, 152.6655896607431, 179.9666507860886, 74.68543665130186, 191.94885970974428, 66.83955161452234, 82.13676071894768, 198.3675018982536, 188.19101387908725, 65.72639752783171, 183.68427243853665, 196.39835629683347, 169.21880607728198, 192.04307508226145, 143.0078862601355, 145.97396335583414, 208.59821996185633, 89.7199236155315, 92.2148344199858, 93.38077336197637, 167.68511861969804, 159.95044340114762, 169.00981699187977, 52.63259402121504, 98.71228844738779, 86.38899960143483, 56.2211093990755, 164.66702615260178, 129.2147806004619, 189.17617934259385, 158.5092471511302, 58.78475318934429, 70.23499756057896, 78.87160436498723, 91.87377123556989, 172.26361031518624, 79.33880920272976, 173.01408450704224, 108.93532465867573, 185.24003455510305, 167.61363636363635, 69.46221621028772] 