tps: [129.94393636670722] 
std: 60.67387297615239 
latency: [3489.060280772167] 
std: 2305.815439246681 
  
[92.10980662983425, 139.7058823529412, 126.02499023818821, 100.5965061780997, 98.64628261519408, 102.32756173715582, 118.40839527765631, 101.5472630347159, 101.76655899828528, 118.67994419589166, 109.67534812793451, 101.63339382940109, 108.15028676212398, 361.5086463923673, 97.93155321549455, 113.36732048734122, 104.78051114389379, 116.00312934631432, 108.81263232180663, 100.83393472857028, 104.87427005124539, 122.90089619768554, 104.43168599196967, 128.43359519164866, 114.81921449253842, 111.7197264906992, 104.57269951370301, 101.41987829614605, 101.87588047749685, 104.93065679787671, 114.12236412236412, 150.2936599568295, 124.750499001996, 128.32400279916024, 130.69079419790322, 132.5877299619094, 227.13908782510364, 443.3862433862434, 123.64318942299845, 165.81278685025083, 162.24483793164305, 116.01633788128966, 129.08815247996534, 123.41467330229571, 121.61062325979867, 114.13499580386045, 112.42555931112184, 123.80726135328818, 130.13666015904005, 100.04781697134659, 110.67882021639247, 101.72202179491947, 108.79361914257228, 121.1692948527224, 109.1157081154808, 154.9645765041768, 100.44905611021493, 107.29282714885593, 105.50478397048097, 86.81983071342201, 100.78987668251793, 93.92930225093288, 96.98137443802185, 1.6688918558077437, 123.05890517914463, 367.89793799139596, 100.3419360091183, 90.37769784172663, 102.55166753711855, 63.76290974405029, 95.30912073980161, 117.90360733293909, 180.43522473052673, 197.51703119397632, 183.59613739151695, 167.12028426702955, 171.58872879124186, 173.69587261050813, 189.37435897435898, 174.93777811297986] 
  