tps: [470.4334640931026] 
std: 189.45640789883984 
latency: [8427.228632103683] 
std: 3162.1868454462524 
  
[431.79554120435574, 636.0215450453774, 543.2651712617937, 580.2546595312789, 361.12289633715176, 318.6305398025625, 293.36441893830704, 668.4698608964452, 372.52368647717486, 708.5430508019596, 299.44414559799174, 208.42603890045217, 575.4058505215278, 993.9149259844362, 268.46398653839117, 383.2232232232232, 556.3056152193925, 384.6092152223603, 259.2276588641169, 565.6572514937534] 