tps: [86.96320877255886] 
std: 36.71386432372285 
latency: [3225.5094034837803] 
std: 2891.724919780556 
  
[108.18777772889261, 0.865979381443299, 96.38456877398505, 92.483922829582, 85.33397675634374, 91.29104629818478, 84.8441714114474, 94.4051706725914, 81.55180146509194, 89.62774173617547, 76.54256703983337, 78.0434305768809, 84.40130068859985, 74.23194466784624, 67.24957691997743, 68.04696900543546, 96.6335540838852, 78.34918587780106, 64.84184914841849, 71.28966858372294, 98.48351260800564, 81.34797626428129, 131.69107856191744, 80.10304713601417, 76.77237663768825, 77.65356413030412, 69.36299292214358, 76.07270820589007, 80.67689885871704, 93.52679826781396, 75.78280469479755, 76.61838841321918, 80.27965284474445, 60.665676315895126, 78.26157006484875, 72.88039517369828, 72.25574946990703, 69.10907577019151, 72.93940235723639, 79.0491764048977, 106.03041935954127, 169.6343402225755, 93.09551672652435, 91.00393226867827, 121.43159230281243, 92.27879629251562, 94.68915584678236, 100.14545775113501, 89.77508977508978, 95.47317847225283, 65.75788402848423, 83.99922980648887, 62.57530413152474, 67.60518571542194, 60.90808416389812, 66.4760019066476, 72.90780141843972, 66.50319512557587, 86.95652173913044, 62.93357862864589, 65.80163098059695, 72.0779752641494, 76.17728531855956, 73.03325549561156, 69.3293142426526, 70.31092876392744, 67.71653543307087, 63.495675921711424, 63.572842198796394, 58.83340327318506, 110.04605333618936, 78.65416924573348, 288.6693423896264, 81.02456874019865, 89.90606168025522, 71.38024357239513, 80.46601941747574, 69.18086949514485, 74.57868858612018, 77.05185619219017, 85.95500582593887, 252.07253886010363, 86.40895574602065, 84.6737082000263, 92.09581912793827, 79.142403388036, 103.75086949542512, 77.12595907928389, 82.08173244848062, 75.15596020907098, 101.17751610753166, 83.10742464090633, 84.88621205384212, 84.15980726761694, 84.42056792018418, 92.9447307623956, 268.2211241507103, 74.45342470855525, 81.95242001640689, 82.90866326930615] 