tps: [258.6934023487153] 
std: 115.12704969070735 
latency: [5048.006192516982] 
std: 2391.251918056381 
  
[232.4198344450695, 207.7097322223121, 206.97715445003087, 192.7353896103896, 204.58841725382368, 169.2942329684692, 456.3858291158083, 223.34668016016192, 195.84933409592287, 205.97395243488108, 242.16274194334747, 191.46195193460974, 558.3913379737046, 330.91754409954876, 234.8494894576316, 241.79722140112327, 281.4476739530787, 156.8382475428952, 131.3425685656114, 168.63414184266347, 103.1736306825144, 164.15728694635288, 173.08240661534074, 134.52501207782512, 541.2687099073414, 205.2187123006121, 183.00094539233783, 489.8665982555156, 228.09902256325935, 227.25604320696343, 500.43074566861304, 219.33428355831307, 260.5058178671026, 452.54180037155885, 391.1660521940288, 331.4335817623849, 214.15515409139215, 246.5434695064656, 197.86314329989398, 250.9902022097144] 