tps: [186.3380121373571] 
std: 80.8961917965548 
latency: [4517.883097624372] 
std: 2211.573903033466 
  
[209.15333724143704, 197.79669504256387, 250.0503829101169, 192.21168247628557, 123.37887242639985, 133.45631141060875, 115.45171812182356, 208.5268281765792, 140.51539817697588, 143.79600420609884, 372.36752717391306, 147.13015359741308, 180.7697129246584, 138.135821989125, 157.56785769053826, 99.13644214162349, 105.16102548792774, 103.30410780970936, 113.96011396011396, 90.60887512899896, 113.5947512969179, 130.79545454545456, 159.1404931461738, 153.96458814472672, 218.82067405813888, 127.3190110695414, 131.48148148148147, 114.39282062933091, 144.43768534712189, 337.6101946408309, 165.369426018941, 188.0469583778015, 195.06409379134163, 441.159856900772, 160.07759456838022, 174.9678298387707, 288.173118125982, 147.5456854871753, 460.1307189542483, 159.52664540669304, 168.3610723948512, 191.0598413842826, 173.10552934676357, 119.50078003120126, 165.93166391839551, 239.40857481782749, 232.56871254391402, 232.77577810713532, 276.3238601512983, 283.7668442494516] 
  