tps: [383.86177677877276] 
std: 158.10978607403155 
latency: [6291.283822899371] 
std: 2077.518490136958 
  
[808.5046989857635, 587.031135082128, 548.3132346206686, 207.5614049794618, 216.25884559638504, 243.57919751393837, 361.53611438036705, 395.22050226815696, 545.8135860979463, 195.84090450232182, 283.1398762476853, 285.46845990128156, 515.3768164920581, 275.98385469223007, 657.5981344733774, 293.7429603448945, 551.1998534530134, 277.9756251978474, 219.6786814284525, 197.9971960745043, 265.5713795470144, 283.7937599564829, 566.1363281859304, 400.55105906664375, 267.91047670765295, 371.5156794425087, 595.7321559970567, 310.5782562596852, 448.76525688333805, 337.47786898438756] 
  