tps: [156.10767969242704] 
std: 125.46836868847191 
latency: [3943.0794537147085] 
std: 3138.273965115219 
  
[181.21618697251677, 185.5646421023615, 174.73152242577385, 169.6704655888329, 776.5998457979954, 186.72501823486508, 704.4941870553531, 132.07378223495704, 143.995318689233, 124.11195754515107, 117.91353870049184, 124.70908532033549, 548.3000539665408, 134.37187241634393, 132.78561596696488, 133.64075159455265, 137.79425713546607, 126.20770128354725, 135.28200184057147, 115.21559413479528, 127.45015207840487, 117.06695005313497, 106.86500812174063, 123.90475208741366, 106.62098571782383, 195.98064756233717, 114.03684823184683, 96.56192812366157, 96.51432997676221, 95.09144319150951, 72.40992298463563, 135.03002183406113, 80.56985514186519, 82.64994372085543, 74.13618282505264, 122.60357243056205, 105.14099037138928, 118.64406779661017, 109.91323769435616, 128.47327254656238, 97.86102623119965, 276.58389934305757, 77.11806152259838, 88.97052613799511, 82.87339372235095, 75.55744319388404, 77.54668930390493, 95.03988900450919, 85.32200065380843, 148.4631098864554, 121.82528607312308, 116.57172009182894, 112.66163103315837, 104.34412265758091, 117.30677221521465, 132.24694453149482, 160.0686990124517, 206.45288022393558, 99.23165578179024, 153.66630386584433, 172.5203464333899, 139.19440868125804, 138.630662535045, 131.6220174002929, 150.26802697561817, 140.75021312872974, 139.99048977650975, 144.4705064720702, 504.885993485342, 140.42534759821544] 