tps: [168.1887925470956] 
std: 91.22579240852296 
latency: [4038.1241369935283] 
std: 2342.0069568506324 
  
[148.25187882182703, 137.96886207333023, 140.05302771125557, 162.06409997984275, 139.6795320673889, 144.11203055378738, 120.24633642003057, 111.16768499660556, 124.76536103116005, 114.20425960087205, 105.83758467843104, 124.45126369177001, 155.1028849136594, 140.16783851213427, 131.12459169388708, 137.25735232858452, 118.76654203251691, 135.50066129101072, 199.1578947368421, 167.04463457375527, 171.9792784804219, 87.43262896740525, 158.20908348730288, 151.59356535989994, 244.34748115827054, 142.63662911973302, 179.17515274949082, 589.9745114698386, 172.67075455629364, 134.2781750085121, 130.08130081300814, 67.05143439144457, 107.48511841938615, 119.82468831113569, 124.97107151122425, 111.39741407076795, 191.79337862611885, 173.02480717114864, 128.36492685882453, 137.2706180130774, 144.0663547426627, 192.65039278747298, 146.52158713511625, 244.60322286409243, 160.29889249655295, 143.36524106437165, 159.8588855357674, 153.35299397358636, 190.48435001142334, 138.02225488137728, 464.6182495344507, 134.91493942336106, 128.8540118870728, 198.06863971099068, 128.38482272444537, 117.98603516446538, 170.65407125988293, 119.05886799584239, 421.65775401069516, 453.4196453701098] 
  