tps: [103.84097933562175] 
std: 40.068706351783 
latency: [3323.176504256022] 
std: 2485.1111426382295 
  
[97.85202863961814, 89.24813468528792, 98.73790304597958, 113.79443585780525, 86.72121920595748, 98.515931907464, 82.54347646913378, 85.12160228898426, 88.87029955385596, 87.82773009999212, 98.4589385587253, 95.27517108552227, 90.15515257331059, 108.19686681755647, 351.9377525063594, 109.24293785310735, 97.62353224061235, 88.1162895249513, 108.95464194428801, 111.71772774443893, 105.94111461619347, 111.19884195288853, 129.5996426377799, 94.25690486628672, 103.56380082918045, 310.4684788895315, 97.22720925593457, 103.77953340009644, 107.1704245378834, 106.76115686650067, 104.93206937224238, 117.62643527040055, 100.0852578122104, 108.10918668688642, 124.96957304902391, 101.23742943661446, 148.23986404467104, 123.1860559383867, 125.021690091966, 188.0230484291398, 102.85288085027037, 108.24474016801724, 111.9539628563955, 109.50858672217679, 99.5409248684358, 117.35631178374597, 118.46520664076299, 103.82313423720532, 112.6890891535243, 100.73179509737272, 118.42673966287278, 102.91326235866963, 92.87503684055409, 105.03451075923671, 86.45233525271914, 88.93411586520257, 71.16589209941402, 76.62735950930845, 77.29007633587786, 78.56637028877174, 66.31970260223049, 59.43772136953955, 71.90791709140333, 134.83413733547732, 96.53638108532543, 116.28359006754458, 114.90099725393843, 97.91484975818601, 94.20697412823397, 93.50732527419743, 92.19743940735968, 110.98512930094631, 86.75486004678551, 90.97499093874592, 100.11878499915154, 80.97705403404885, 88.34305368625691, 82.69043517339524, 93.81529460927706, 86.964590602034, 82.65249464583168, 96.56850815283524, 91.17444358860014, 102.27523746410425, 99.86775137258046, 90.31568953239972, 0.8750115133093858, 85.25655388751962, 79.68574635241302, 73.58365299498378] 