tps: [171.70261015137052] 
std: 51.166326178346075 
latency: [9073.689809588763] 
std: 2426.822770274846 
  
[220.04991680532447, 239.5150559361293, 171.98473282442748, 247.7188173095751, 164.51904600429523, 120.96146360451537, 183.32355160560076, 157.0166236281472, 159.01652757322861, 171.39503421932196, 152.56950952827242, 166.10631531122215, 197.61895452946004, 191.1793698986633, 190.0826446280992, 193.5814944933486, 220.11448349307773, 207.52490823282642, 251.2250739896172, 218.1196507677089, 222.30447104606407, 214.74468814256338, 327.40524781341105, 211.41938556799238, 176.82952313286245, 174.1887728563998, 164.54041822721598, 166.2470048328798, 143.00023568230026, 100.83210964268234, 137.754880222599, 157.21747388414056, 88.90140845070422, 112.53288237504698, 79.43451486933013, 110.54310485849827, 136.09744670883111, 106.16862988220707, 121.92025578333646, 92.39877769289534] 
  