tps: [93.55749381061808] 
std: 19.645166025263396 
latency: [6535.932420506076] 
std: 2466.229611864078 
  
[96.01169685646983, 92.74856203779787, 104.36750396017199, 104.66144796780328, 97.59428974268593, 96.7488418266049, 89.36884682897046, 94.60577479937123, 101.0182968883119, 109.07741251325557, 102.82883743136787, 108.50662401049998, 97.78012684989429, 120.01230444717876, 104.43226245113037, 107.01236103552826, 122.75485684030464, 117.01087381678792, 129.64961806708735, 116.02694407907849, 110.20153514576323, 127.40968734812894, 116.27682569090628, 122.17033401931296, 104.13157194786773, 105.1175068119891, 92.02430395323796, 97.953216374269, 89.25029007747877, 96.581058742894, 100.0571988887073, 92.99722050648549, 82.71953515017596, 88.22310624896403, 96.50327956036163, 83.39603215459549, 81.56646531803624, 100.1220203076655, 92.68898142216528, 87.37479131886477, 77.25966282012784, 82.21534227726178, 87.00577046377431, 84.5308356855701, 80.65183224418892, 75.91856598264255, 84.65141119921121, 76.6359040949775, 59.77898820486696, 59.66078751443246, 57.501378929950356, 64.59527361231059, 50.821655802334206, 56.034161259043785, 58.195849903531915, 60.65197804898026, 105.84015975873172, 117.1387421987518, 119.52582631096364, 113.80864576930956, 116.27707484452068, 110.87181611099606, 110.24878196007415, 114.86988847583643, 105.92270149056853, 113.32073689182805, 101.93332507126037, 103.48000669232056, 101.19220703692933, 115.22566864784547, 102.25544304897657, 104.84670777456772, 62.258313998453204, 78.04674457429049, 65.54734995307847, 70.18965796725564, 65.56381848535437, 62.010666061500054, 61.527209991373816, 67.60617025328509] 