tps: [54.57757101862408] 
std: 21.15612206946067 
latency: [5402.965878831357] 
std: 2783.9656650191087 
  
[123.09864286364879, 106.89392725524756, 122.48485128821869, 114.94728587610003, 109.5198313243426, 105.00274876305662, 106.42499608947287, 111.04903519704328, 105.24915039102486, 107.46706298200513, 3.230262890577384, 66.47364454844723, 66.52175615869659, 65.3552299936988, 58.05729811803252, 61.60051891190659, 61.23710543600047, 11.374246668364314, 66.38390215032551, 59.11589287802597, 47.67174597769643, 47.78366914103924, 53.86202154480861, 53.72338080331555, 47.81379160321949, 55.05328441649196, 55.38903459472961, 44.30715276078624, 52.09349593495935, 51.46671771067618, 48.4636328276935, 49.421436085245645, 43.447016780609076, 48.12957963748554, 53.3731853116994, 45.08148669246101, 53.39483250596099, 59.13516609392898, 49.006518495248564, 49.46989704137483, 48.623400139923454, 52.22029273133217, 48.2468789913889, 43.957300800609985, 45.92529382103099, 46.05162377450981, 54.23547337643619, 56.87576445919972, 46.612087053112276, 47.42379058979457, 56.418006136374046, 51.6248457424928, 51.49843569899555, 53.837808516409005, 51.63445680213135, 50.067245384521335, 47.24625200610639, 50.70234384487714, 50.93469488594251, 56.568042063987164, 35.46991568445681, 40.7414121272546, 46.24252956385369, 44.949939256838846, 50.487194964214886, 42.483108108108105, 43.53605849119309, 43.45669427191166, 38.66747268880349, 36.74763720775991, 40.13545234155539, 30.34636783951101, 37.023488640739316, 40.09524541055381, 42.98142805625676, 36.85465876740786, 38.74235474006116, 37.03703703703704, 33.817579992644355, 38.14458958580733, 43.86978523329481, 54.70880405142189, 38.9922136603865, 46.28464753865509, 44.49385659270126, 45.26795895096921, 42.556113639930935, 51.04741398645315, 46.800040828825146, 43.02184738235162, 63.30117316664401, 60.83383443575867, 52.44581014865875, 53.65894879161738, 55.86433260393873, 50.20088230660154, 52.70036517393811, 53.799259743087305, 53.39962810251435, 56.27154818584797] 