tps: [112.8653324771911] 
std: 37.46299411541708 
latency: [7081.967645881739] 
std: 2551.3134728364707 
  
[143.6052921719956, 147.40008594757197, 144.16621652905317, 162.40093542938806, 153.18680454527583, 147.67226791546966, 150.67671040105955, 135.13245164621313, 137.66875462008326, 140.32499213094113, 126.53356255372353, 130.6728022849889, 190.42214170340944, 186.59251082618664, 185.83741687084353, 178.47753346080307, 171.35078869405075, 168.8239498133884, 66.53977775214365, 76.6906200923238, 61.18853742561854, 70.93962669638238, 70.58204358504541, 55.070285203542696, 152.4026102432272, 161.89366408595356, 165.6415873283343, 118.23108514331682, 151.37450910389148, 151.86760860231843, 80.88813475147954, 78.04452566871574, 85.7891017914294, 91.93614782966657, 83.8462853723177, 75.30195234943746, 99.235757295044, 72.8739913097455, 87.25291119307116, 87.35151690741277, 92.53084361453817, 84.7237765795096, 116.13777248655526, 99.56570693260416, 98.22202054370695, 103.95326192794548, 107.933935324535, 112.51118111461128, 82.08672599886384, 81.99013157894737, 78.44619722914707, 61.65595783155708, 89.22912205567451, 80.57187622405013, 102.27113088269726, 86.0921608839409, 80.97841966857285, 100.38726550319369, 88.82752761257434, 77.9174373633765] 
  