tps: [130.64389513964898] 
std: 64.89705147556045 
latency: [3235.0796918333767] 
std: 1926.180115519183 
  
[187.69701882374133, 198.52602487333024, 142.40568832707882, 216.77266357658726, 233.14760187916528, 241.62238368940461, 203.1822651291678, 161.11195273443417, 101.44322242331431, 155.12490815576783, 80.44126698546471, 133.37517652596893, 178.87375782112625, 157.50915750915752, 65.37548801959733, 77.10873983739837, 151.67676037241253, 236.29702691278004, 72.23181569304637, 82.97087745839636, 100.14232849416453, 69.39324116743472, 104.66247325076195, 152.44649759592724, 155.96901985222112, 74.41666666666667, 136.4766136928523, 44.12802523973598, 84.29752066115702, 54.01813262448379, 86.3456865127582, 116.12845990063875, 88.95732512098547, 134.98726535232524, 123.6373546511628, 44.77304555564709, 211.7134942619707, 98.44836811128945, 83.70748040483981, 50.835510221005926, 58.24102047667003, 62.042367670895985, 88.24645268988542, 75.36454336147352, 84.40704706810413, 113.70414554130629, 132.29813664596273, 77.57065544197233, 230.3774715398442, 63.20825988416016, 120.14718029586243, 81.09983519819585, 112.45906519797559, 202.30381569474443, 117.98795926405222, 95.89300061439577, 177.1134393063584, 151.9975968759387, 92.47609461499748, 83.13803834184948, 120.39522531269633, 269.2462716646514, 137.80892659535226, 233.26425804126498, 390.33942558746736, 111.46922411760082, 155.12144223523273, 113.0917247078267, 113.64022422286395, 208.18345323741008, 103.95286221563195, 348.30554061323295, 85.84112348999018, 265.4187664986801, 83.48090058183658, 93.86709671299151, 190.49863323593175, 148.39007146699456, 91.8583994107197, 81.32365893553664, 171.3789001738494, 123.12739201749591, 148.06897534558928, 81.71617161716172, 92.61850620955047, 128.50027670171553, 98.43715280349605, 112.44695898161245, 98.88839484215208, 44.816173181858844] 