tps: [108.12179368802174] 
std: 53.16301439984257 
latency: [2917.0850744328363] 
std: 2144.760385556242 
  
[54.97877563545236, 78.1012091356919, 75.4734158776402, 100.15649452269172, 84.24681753889675, 85.99155359870609, 70.60505853963714, 46.89022642591, 61.721874292612995, 35.92675577532257, 58.251519401589526, 101.46313474227789, 116.95744484445675, 85.54307116104869, 77.5, 89.57729284297268, 111.64216791414916, 67.6391196013289, 64.3778823310197, 52.478625279029615, 86.23464301134356, 100.03158892281773, 81.66348600508906, 191.91364800585436, 101.14122681883023, 154.965012972718, 109.99584248975471, 139.4685214909934, 297.88172992056485, 109.18489896088977, 177.05036621756037, 176.12653431089876, 219.1444600280505, 109.61968680089485, 74.31765866491286, 130.44466328308462, 70.9974464133715, 79.42444776907507, 79.63959347510462, 68.16041437764872, 63.355179947108205, 47.12240847865558, 214.24355695455438, 57.06312548113934, 79.93827160493827, 99.90774907749078, 63.783972530989935, 88.1732269015506, 220.1283079390537, 99.8915205207015, 49.886449659348976, 72.54879837526798, 47.61624830991711, 90.15073906044196, 137.95322892083246, 95.90829947765525, 48.529635837269545, 57.57386414353299, 126.70729144778313, 69.28431585816837, 49.156651364316296, 83.2948564041001, 80.99027409372236, 67.58356863102287, 179.68911917098444, 77.8007366813404, 84.16062963956713, 71.72277936962752, 34.85683050918723, 89.76002930939732, 165.23948433236095, 69.72376555286016, 173.23582486465952, 103.8358043581491, 146.82294879703886, 82.93556085918854, 114.97061732704951, 175.8032310764204, 91.07605368495409, 179.4965675057208, 132.47111043085636, 197.40796393688956, 222.79972279972282, 78.81773399014779, 184.28830203069882, 99.81156854907782, 134.06126781922958, 83.94451196513138, 182.7173815304379, 84.9878254354748, 287.1870397643593, 93.34713465700574, 79.50604753446672, 203.79688929551693, 172.85067873303166, 108.88491353607633, 125.50441146296423, 82.00474898236092, 110.60059074499509, 118.3396921457703] 