tps: [159.0705509769943] 
std: 86.68741982655484 
latency: [4288.277557841242] 
std: 2641.994613013167 
  
[132.41157010772756, 135.16830294530155, 285.1522248243559, 153.57595863011025, 139.02137431549198, 230.5222602739726, 119.95526144095443, 146.19606917310983, 247.46347402597402, 212.99151888974558, 227.33854619171734, 301.6965239055641, 186.47328696166937, 350.5370709981661, 164.05154277699862, 229.0913401695217, 521.3180901143241, 168.2986536107711, 73.11805841217605, 106.65375570618343, 95.29681169631849, 119.90861104545813, 130.27285240061534, 109.58712386284115, 256.02743871683646, 102.70361466109917, 108.38064570799085, 142.05395059513128, 391.582050442188, 152.699628875853, 85.68483442855302, 85.38107328829024, 81.39584488716352, 212.15390147428982, 84.81304422059074, 103.69344413665743, 111.47401908801697, 160.72995262326722, 214.47699423841595, 189.67545498581413, 123.57236472570679, 154.94537939179216, 155.38089480048367, 74.56851736327718, 87.23849372384937, 80.51065582209411, 135.99303411699518, 271.45976818410884, 67.7993182786536, 82.46259795772976, 74.34066906602159, 88.64514348785872, 84.50618781849064, 63.86742388976818, 137.58042735721662, 96.15270262234644, 135.99936523050067, 165.79138725054537, 118.991899189919, 275.4006534930761] 