tps: [144.33954310229203] 
std: 63.79090681887411 
latency: [3894.022375110603] 
std: 2241.0723845209973 
  
[102.7746947835738, 91.71181162820457, 171.218487394958, 86.96461131991218, 158.18810414167783, 195.84010956090046, 104.3956043956044, 123.061313233802, 241.78767799238688, 161.4895549500454, 72.76933822245503, 137.10836447254957, 75.67747575240395, 111.17507375692595, 121.97047925651461, 114.63972091904246, 354.82728077945086, 209.58684316085038, 154.64426877470356, 135.02757802136423, 215.95959595959596, 132.37127241346246, 239.94374120956402, 130.6064209274673, 149.67253499969956, 135.6186966640807, 110.63742570198812, 122.90286500903382, 174.22474158052685, 143.00637208816462, 159.77184028820173, 299.1076115485564, 124.73903966597076, 238.29388728077643, 178.71900826446281, 137.21085544289963, 109.73245443970531, 99.20462762111352, 195.86656375954036, 298.72421281216066, 261.82926829268297, 164.1971790853398, 93.55018667124405, 171.7112433973338, 348.89600539356144, 178.18212309240315, 168.56759476685676, 97.40287988863271, 126.24210986813323, 87.64720314033367, 122.91502612928628, 105.33408994183571, 119.03910774290412, 66.55372700871249, 65.5511060259344, 55.586944239210744, 123.49975143810809, 68.00248672947252, 115.21792460544607, 141.3802244411063, 94.62804802574576, 70.1240355503467, 59.325687677847725, 169.73313442731643, 124.6012159152471, 150.58976771112236, 127.7473373145355, 96.7710843373494, 112.8172318191512, 94.95213228894691] 