tps: [190.62834228927713] 
std: 77.19476786678369 
latency: [4577.469055577159] 
std: 2538.446591958816 
  
[262.2950819672131, 161.6068122917438, 303.6229271809661, 165.07413509060956, 257.0796122433402, 131.91998404997673, 152.09387942936033, 150.44729677168417, 176.1658031088083, 150.44314255670722, 414.85275288092186, 328.8915017310079, 212.40427501472695, 383.39089953446467, 211.93018770287432, 151.9479303240307, 131.84542260797684, 184.92915904936012, 317.0464722857996, 201.04803493449782, 177.24643270343233, 95.24006793984839, 253.76607470912433, 133.77641445126108, 103.95546705286024, 216.34832305609865, 117.0199475284221, 229.9238558756574, 108.82635882635883, 125.80551282584292, 128.94151511186706, 144.55532726739065, 87.44693248980272, 246.02898550724638, 156.68523676880224, 218.54695806261077, 101.0095698811652, 142.68941765810897, 148.7721949376653, 92.66859434754221, 130.7036603710513, 205.49863170623053, 217.33095379734286, 385.6669428334714, 225.78936916661152, 144.36844953993014, 176.7465521139498, 176.37356387214194, 245.59055118110237, 145.05994212484498] 