tps: [449.15369126426066] 
std: 137.54723442441093 
latency: [11542.91859978918] 
std: 4313.188946803041 
  
[475.09682679893996, 758.4343700579864, 204.22106179286337, 242.74690692761996, 436.58978468399414, 562.0023262056008, 475.2137353551701, 449.49254387571904, 511.2252534185999, 611.9075023542953, 324.97387669801464, 225.7887215565571, 595.5444419186178, 446.9874387907175, 321.07898416708014, 386.6448247618227, 555.4854096520763, 568.5251798561151, 397.1654949224417, 433.94914149098025] 
  