tps: [335.0180584824593] 
std: 130.93024161164286 
latency: [7735.984935034928] 
std: 3613.525733170192 
  
[527.6473955352033, 342.2568620806506, 680.849478390462, 404.213470868482, 373.90528016325146, 548.3983896376685, 161.565921944567, 272.4525326851061, 166.85460979118872, 617.4963181148747, 456.7901234567901, 436.2371646240477, 231.28139943102715, 338.84521550555706, 178.369341563786, 209.6919778855918, 243.64604125083167, 321.9932918064207, 312.44568448977725, 268.2050312086249, 433.6065573770492, 384.8238482384824, 329.82923699536076, 373.8763429072572, 231.95519113061553, 275.6442021803766, 181.25530110262935, 248.00226693114197, 259.31232091690543, 239.09095626005293] 