tps: [194.94573435096245] 
std: 70.95633085630682 
latency: [5336.918963118966] 
std: 2750.0998739663496 
  
[268.873488646417, 160.66434318660987, 268.15282520456157, 168.84352564657036, 251.7832103883436, 189.15811438061576, 165.34640465665893, 173.72068438980463, 225.01084464274646, 221.74944196428572, 261.07174490699737, 255.41503125454284, 210.45033039036036, 155.37546409038285, 158.72132831222186, 156.23749699927984, 504.7251295600041, 217.1216422799738, 302.4130366656221, 199.42231805052683, 140.25201881267193, 274.1756206002223, 129.65370523578773, 139.25651184354717, 101.05317017012749, 140.51505769772024, 96.60754262097468, 90.71468286215303, 183.91592414896047, 207.61282159426403, 156.27597672485453, 165.97970830691187, 130.99442743897654, 161.7654067966255, 211.03222969152478, 211.68067758043108, 197.97687861271675, 232.82857325410518, 156.51388397941952, 154.7681504499778] 
  