tps: [121.89863991557567] 
std: 58.30394110407122 
latency: [3887.187918607974] 
std: 3833.593166259602 
  
[182.81036834924967, 140.6473789745059, 181.87306618368424, 132.2405582013512, 164.3268422074141, 143.92296900905495, 149.55470737913487, 197.44058500914076, 225.80063148398736, 251.77610333692144, 204.3286219081272, 165.55355766760854, 99.94648664224262, 94.86196027797821, 144.4576578832071, 211.16653539861733, 97.55767844268205, 195.64465952298653, 1.004352192835621, 93.644143341059, 145.36566540168522, 157.3474878208391, 147.15311618363683, 125.88433464345874, 89.51886961187623, 70.55580390403814, 80.35950303991541, 95.86956521739131, 113.24093187850191, 62.269712601326454, 118.84904086738949, 70.99012543368028, 119.11867977528091, 59.81458370476021, 67.535723238907, 60.40768975803779, 252.3722996163941, 68.76284422523634, 202.39943542695838, 84.80654293803083, 123.45787032986263, 69.15629322268326, 50.18769381426473, 69.90972918756269, 60.92704356037279, 116.82403433476395, 105.96895270024051, 48.69584685995746, 120.65160273252758, 60.26942796823163, 80.12429253135058, 56.07260267629763, 67.77653073949371, 87.11340206185567, 93.72769804139243, 82.20876796265227, 85.00996918615189, 92.05836489195812, 134.0124703609379, 326.56716417910445, 123.13598110143217, 125.93139063076356, 241.78436582296183, 68.93555941678628, 212.73347701149427, 112.96660117878191, 145.88601439408674, 103.17846249060608, 92.38714613618974, 196.85374149659864, 74.95566502463055, 118.6178699641005, 83.77719149783464, 139.9548532731377, 78.84564701748222, 77.10388054198543, 70.74286185159244, 138.66807984455045, 224.29906542056077, 119.23276308968377] 
  