tps: [99.42133398626007] 
std: 37.84179230434968 
latency: [6449.518868740377] 
std: 2808.8293100387914 
  
[128.6211147310029, 241.94330021807608, 124.17650714729645, 146.00911647754825, 138.35542331620235, 131.69819164414884, 136.15760893955033, 132.6779748136726, 106.8761477249541, 108.4255284015852, 108.15021318465071, 184.327502150846, 108.22790078242052, 108.07745280725918, 105.86713746099522, 124.05435696273464, 110.33888799871816, 125.51193019943021, 126.70637335883836, 109.67741935483872, 108.64495063360025, 264.21629943231017, 123.33333333333334, 131.25749566916892, 75.62289562289563, 78.24835144422774, 74.96948643319877, 91.69087077851813, 67.60880038541833, 76.19068180836824, 67.93061099171015, 80.46505215752953, 80.35568608255834, 83.44379090381908, 83.25939071280686, 83.76500575563229, 82.30335940349313, 33.67380157890453, 85.67433318028134, 89.11819887429644, 93.41406153465958, 103.60283808471769, 114.34572473914811, 109.3104686658287, 108.04248173194753, 103.82606480105312, 100.85484136117047, 114.61226720094714, 74.36375908206614, 75.88831454271643, 180.33536585365854, 75.39777247414479, 67.43059437302031, 149.05970609392662, 145.09262908947576, 102.32002125210307, 72.23580331022322, 73.78223495702005, 87.63099834528406, 81.17717221763465, 65.967802321228, 80.6476603656647, 86.0446356547459, 79.29005315110099, 57.32047579421411, 48.31975768490852, 72.42462311557789, 69.35411527248263, 92.32686352994487, 48.27445374719216, 59.92994212610417, 80.37875121006778, 70.510767752782, 72.67764049094865, 70.47182333775793, 72.14325418883507, 69.65104124788937, 66.20481927710844, 63.921096220448725, 127.47153984421809] 