tps: [201.339557545241] 
std: 76.96042496104944 
latency: [12282.458760460697] 
std: 4034.5656715874406 
  
[135.66759042137426, 159.43538832373247, 136.28347619242916, 185.44815007816572, 249.08028122956182, 236.01286173633443, 300.36727054419606, 310.82479943805686, 316.6112562336737, 76.42194938611877, 175.02179598953794, 194.73183247806654, 300.6409272336506, 323.8336587595031, 293.67558430104367, 219.90333919156413, 291.6760616309658, 289.47172757351575, 180.9200737963459, 225.5883251833741, 216.82050527709336, 75.01215907815481, 81.17533575721599, 64.2954856361149, 141.98344686149565, 178.69773904256664, 124.30810150240816, 161.21001540280116, 181.19968654270855, 213.86790153546187] 