tps: [149.05387084045043] 
std: 52.05986153672084 
latency: [9310.836396262723] 
std: 3281.734863290755 
  
[106.99144663443658, 105.97866350570456, 116.67066634669227, 102.79539671085115, 91.308287446853, 192.61395698789892, 106.33820252537757, 109.42371886577895, 112.02407128804538, 119.22899353647276, 173.89991545553366, 175.71341833636916, 173.5292910217989, 172.8664340101523, 177.28894173602853, 154.3330281437841, 148.3563509044933, 156.5532538519428, 144.19354838709677, 139.98393926120602, 107.04172172928072, 182.27784098091266, 112.04304478556733, 101.29893238434163, 157.15383348883157, 88.29884011826245, 75.9185878962536, 82.16724504645696, 77.49156155622669, 76.33073101490419, 99.28407674053815, 91.2269548633185, 155.8569888609414, 99.184983035846, 103.53396994364434, 208.14349306101076, 164.5047884592072, 203.15825949210435, 153.00438509856596, 162.70082149649954, 168.16610282910145, 167.0348232848233, 194.42160384299132, 173.47179608213358, 178.2629368412711, 245.1637536059732, 275.2909363078855, 284.5721484639984, 218.060263653484, 267.5365921016294] 
  