tps: [127.98977287218858] 
std: 52.960288750311626 
latency: [7801.390327162566] 
std: 2815.259760296845 
  
[170.85040983606558, 320.1135825840038, 161.83474839511285, 3.2285317723734233, 159.50833568804748, 170.73638455637945, 181.14143920595532, 152.80292890323597, 161.86129125531826, 160.91387949124234, 156.38839452009435, 163.4743397036719, 141.43773256274247, 148.66557094779682, 140.94703113256062, 187.43301178992496, 156.16944492180787, 132.97892538446933, 281.21488764044943, 153.23942580793738, 220.6159822419534, 147.35099337748343, 159.7386482608864, 158.64397409571947, 59.978536507810325, 58.97063568893191, 66.12377850162866, 65.25206161506146, 57.92269439421338, 59.57912522560577, 140.09862753252926, 153.32932210188528, 130.08989952406137, 95.9266979329512, 90.21734888984275, 114.70415504331228, 82.19871950725341, 141.23508676789587, 90.32371879685984, 145.918506405015, 98.78821010432327, 87.78356430399859, 78.39323467230444, 70.08111677042068, 88.66087273058197, 77.89547730376133, 68.93644131314645, 70.4296451407845, 79.24366662587198, 117.28063900810682, 126.88929078930371, 124.45372750642673, 71.42857142857143, 130.1051354630004, 134.59116942199114, 181.02173794009744, 123.72195660169179, 135.11201305160955, 140.8594107135436, 130.5516829316869] 