tps: [71.93853234425909] 
std: 121.52310117583173 
latency: [5532.824107853444] 
std: 3197.6300014691546 
  
[66.8381009053428, 62.956204379562045, 62.750961127723194, 62.22410865874364, 66.31960162969669, 64.79993048616241, 61.00626421418027, 2.731230491210777, 66.14578709047323, 1250.0, 115.87859947643979, 55.78184624619474, 55.043906618119514, 59.29042746485607, 53.19834145163238, 62.32954011097527, 66.37421323669655, 48.2989403234802, 59.756097560975604, 65.48002178541368, 68.22166160687561, 214.44856084354518, 62.565414583091055, 154.06394285216484, 61.25927411269301, 68.9807845568051, 76.20784366698186, 69.31147540983606, 81.47178017198773, 67.39916088563952, 52.71873558881482, 53.613297605091276, 65.2184430790072, 55.065709367258684, 54.148787016187285, 57.58008312691549, 94.16251100029335, 53.43336935738632, 94.07025231465121, 63.8015618742491, 39.223438345332724, 41.737437342060566, 44.74328737300436, 41.440940871417325, 40.177640632167126, 37.14213646109219, 39.89802686121705, 41.31347694221946, 42.5504341440235, 37.348643006263046, 58.90224434219176, 51.34449722244586, 53.2030856951199, 61.144173545786145, 57.59731726106856, 49.945478619830205, 55.81646648102739, 63.86834500661213, 96.26581787128329, 152.70236920039488, 46.15026750407071, 43.67638810992709, 40.625669595028924, 45.80061860575779, 35.9584595413241, 37.85778270699142, 42.04267521295438, 43.30321195311801, 42.650094229561155, 38.00186363083904, 31.669980119284297, 41.17454961084199, 30.420530860249443, 59.1016548463357, 37.44504396482814, 66.07947904491569, 45.75077521416934, 36.42282144899485, 41.05651372166179, 40.48113021142067, 45.39972432804962, 39.97668997668998, 38.70046687502411, 115.48556430446195, 48.033136323999614, 44.563473131803796, 45.893201801415394, 40.17943090370028, 115.77072538860105, 50.252585999518885, 64.71631205673759, 65.9533959687099, 63.21535838947966, 68.7513812154696, 99.5537827056994, 60.42429853870617, 67.66632503007888, 57.871106166560715, 67.71137634588098, 66.75335934113568] 