tps: [153.97006669837552] 
std: 72.07949317576693 
latency: [4400.273537610496] 
std: 2323.585056771847 
  
[128.13715849330882, 129.0755175592993, 118.95786210940773, 119.72828804800801, 117.17758026482859, 106.54680151496233, 107.93494332183342, 89.99546933563985, 292.00103546466477, 133.91833275165777, 91.67044845084368, 89.03538050734312, 172.24302954640032, 193.51254327107995, 254.2417294464461, 190.93484419263456, 198.0618154710706, 174.56814226900386, 169.21050240755883, 162.7946413430558, 139.53309783443405, 162.6468252309493, 483.9107216212515, 168.6256574434027, 180.71744372990355, 166.26436226706576, 133.14316875707874, 147.09976798143853, 147.08471308211426, 149.9201881878518, 158.19713993871298, 98.05571548784269, 136.43558088002533, 88.36368446580538, 133.36296954878864, 95.88646647470178, 134.08156271418778, 178.67841409691633, 135.08818813468733, 110.3530381427721, 129.33727662765025, 139.0528483184626, 66.13066172756356, 79.04491931966855, 86.94194089289456, 87.17704866064352, 71.38542086186065, 81.24750555903985, 141.0375369042598, 180.73480432972522, 174.4061389155335, 172.49288925589505, 236.90808797191775, 144.64248270077584, 207.14366324342623, 439.63011889035664, 145.10935474428135, 137.1964030590806, 175.49992289107078, 155.890205239446] 
  