tps: [495.3970882347339] 
std: 149.09074475527805 
latency: [9895.960011428333] 
std: 2952.3337177894296 
  
[844.9423815621, 592.1964050854889, 391.94956732839967, 315.68435069030767, 673.8008236181196, 790.0199858165173, 550.2660585328773, 435.0941567432844, 340.21139208542263, 397.91538933169835, 421.7142415100178, 360.8945181080546, 557.4829931972789, 460.3611034735588, 458.1829121540313, 265.75240919199405, 512.8896260971733, 416.3357599823516, 479.79888029098174, 642.4488098950213]