tps: [86.92730771453996] 
std: 32.76775138373408 
latency: [3925.757064084326] 
std: 3693.484027059978 
  
[110.93928048184927, 123.80784175203108, 122.3021582733813, 103.54343305071188, 138.88354186717999, 110.97341144659757, 106.67655786350149, 1.3552686067085797, 117.48257955705473, 63.46374915764855, 57.292929292929294, 46.8338257606005, 104.04349303431873, 57.69230769230769, 59.55158369251453, 47.30152882667158, 53.20404099992626, 53.551727064414834, 62.35345547033342, 69.36041486603284, 60.44263342921061, 57.991744656504146, 57.10620432281138, 69.89424206815512, 219.660014781966, 65.14105346222135, 108.91469886931775, 145.07981410385938, 99.25415949512336, 100.93547823045986, 99.5320767918835, 91.81693215816284, 105.57548381382578, 85.61657454169485, 102.76648008698103, 95.30791788856305, 116.87856203419554, 109.19469928644241, 107.26754685179984, 112.4506007744202, 87.88996980878899, 102.12354494402916, 102.67988252569751, 103.6578627472649, 100.58531856988405, 57.90607496768634, 48.42718446601942, 45.422396856581535, 57.02980743867054, 50.336590662323566, 49.88057324840764, 59.97325378047526, 41.42961342086068, 70.93044048399594, 71.0758939237079, 75.03328608856246, 231.14535486738777, 80.53957548105534, 79.76763955794843, 49.48353656262818, 69.46668802049969, 66.25119085423944, 77.54940363540337, 94.9800589561297, 107.37425194124337, 89.56716537322986, 105.36218250235184, 100.6054131054131, 90.76474122392928, 86.77552340150352, 81.700444145859, 84.74703216867019, 95.27660951148495, 105.05272407732863, 106.6937298680669, 92.99067291141267, 116.29032968000351, 109.64815711832313, 113.82364605825585, 105.4467751079325, 110.83453425913795, 76.53794244416387, 73.47037484885126, 76.58012063991607, 78.60033946990468, 65.83097452486858, 58.31464274271067, 71.62302826487308, 61.224489795918366, 63.31666085068434] 