tps: [135.40722398932095] 
std: 59.0613026511791 
latency: [4297.612977997365] 
std: 2359.740102362674 
  
[181.96172248803828, 157.78882575757575, 158.89007470651012, 250.147802667017, 177.88251723836953, 173.6716547386684, 152.519624191646, 114.79111780203236, 117.40581400024125, 143.29689939772473, 113.62349477180929, 108.69565217391305, 148.25273561595483, 124.43139525266729, 100.74330663202714, 90.83324264519172, 87.84528422624338, 144.72866611433304, 122.8925973470261, 88.39021574428169, 122.53015139851166, 140.8512681014481, 139.85432665663842, 137.3325438531567, 135.594500679861, 139.2846650998825, 132.9747497385328, 136.14640832808507, 97.18696575661814, 85.27051514367072, 77.44670919558115, 76.3329660083072, 61.34538935224881, 84.11479195136893, 71.15502450980392, 147.5919857302858, 151.64867089526948, 120.65563818485353, 102.95387156101039, 173.7474840885601, 172.16864149903554, 106.61371093075462, 131.56408808582722, 549.74556939814, 143.59756097560975, 146.0228808215476, 155.99452030580227, 150.30833686390812, 125.42068656046668, 144.02639698320192, 120.16868353502016, 117.35646064331979, 112.3457236961164, 128.52583135391924, 115.24500907441016, 100.92447107830598, 134.0267239145723, 146.6986889247608, 167.90286975717441, 136.9518597944243, 178.33173537871525, 146.8980650309196, 139.55648007131978, 110.45707915273132, 106.50963597430406, 168.40486696082363, 104.23786739576212, 99.9769744416302, 135.27766313569037, 90.43532776928804] 