tps: [148.58778724847906] 
std: 82.88918194600559 
latency: [3692.2276297989965] 
std: 2173.333612296954 
  
[137.8406708595388, 148.6628211851075, 157.55932848242736, 137.6997831499478, 123.46451764337688, 121.01934523809524, 122.85968423393373, 134.29611553386405, 117.48622021613645, 132.6903023983316, 109.62473940236275, 109.4758064516129, 109.65382933905647, 101.21007736560207, 121.63509471585245, 134.9404397570507, 137.84331276204833, 116.79948482653144, 131.9706635420735, 118.46978173508785, 116.76969092721835, 122.48118475358098, 123.17609651988327, 109.63850936301701, 466.24515602692236, 110.45917233408899, 380.4065413418921, 117.82305171676877, 105.35190910185891, 112.01619738205105, 101.5901755490829, 105.5091290744188, 132.97429834931478, 126.86826555439696, 120.75471698113208, 140.66142820136432, 132.50706675364208, 144.29354300690972, 124.8, 139.6892900538101, 329.3901692841118, 76.30374366519536, 279.04484922700135, 100.13031013812875, 267.4688315453755, 79.0022559911463, 242.75147928994085, 66.0297629983465, 126.32585637280472, 129.1866028708134, 400.87145969498914, 116.97327316903854, 121.64619273581977, 125.09776657686626, 143.37226198805232, 105.78695171396978, 105.13524108192865, 109.18884913301616, 101.09720885466794, 111.87033211504847, 119.92271361099185, 103.50148804056289, 109.76778474014007, 120.5138219849846, 141.6165125015147, 140.1417653348117, 146.24537707026852, 150.9026447695505, 140.03842151604897, 136.41467065868264, 133.9727147689677, 131.62226878180184, 149.97780736795383, 141.28093542573302, 152.03775582215948, 134.62316846110258, 585.7528696826469, 141.76120133844773, 152.53057139127029, 158.50764633503252] 
  