tps: [180.139057998338] 
std: 111.22779072092962 
latency: [4938.132623537762] 
std: 2149.559962547165 
  
[487.3012446938629, 620.2927814235235, 292.4655230406996, 259.8095238095238, 147.5724910169633, 139.77920958673616, 109.33586665515156, 120.99984078968318, 90.06830427219889, 84.8928206873086, 82.40286761979317, 75.82479632169073, 217.66980904036743, 182.1294766950006, 181.41957890167137, 213.10548216377813, 93.25954429504085, 92.32171535222882, 84.83929398879481, 102.62760241773002, 189.6854542551493, 202.41919492365656, 182.18478000479118, 172.94154868306572, 125.5539143279173, 147.4593291825668, 120.71391244925032, 129.05695691011954, 149.12592241821554, 190.85734614016366, 458.39672322995904, 139.46752370749513, 196.7823268099412, 216.53157566580563, 214.69723218242615, 173.73834779813564, 166.66666666666669, 116.93817468105986, 107.11132514648045, 127.11629197890646] 