tps: [309.1630954464487] 
std: 128.78466740771484 
latency: [6765.603886666322] 
std: 2487.731889970291 
  
[252.47044450034136, 266.42149723274105, 288.9450211153649, 321.5770098563116, 392.4976652485213, 256.4172583287821, 251.08147724428872, 284.1051314142678, 442.18198646381677, 528.7070316099898, 558.9317812205769, 305.8969107356204, 111.09822119102861, 116.7752505048196, 418.9961550452042, 222.26488998118353, 543.0103092783505, 445.60138833266586, 226.2357414448669, 231.79546328335255, 487.1147483893435, 245.60325627831963, 160.89424302096606, 243.39834813292487, 189.09058551343657, 186.97264908490604, 172.46710154217413, 478.27216066482, 202.84213311160664, 443.22700362286827] 
  