tps: [75.87066479214586] 
std: 44.92652068526978 
latency: [3225.51856269947] 
std: 2833.190529680753 
  
[85.35131357151667, 92.92433537832311, 86.24831106440475, 86.83383052487301, 108.8395061728395, 81.72179496752034, 84.39007967680395, 81.00799939910617, 91.17118466377116, 80.89203113835508, 106.75077830575127, 130.56459159573996, 108.76663129540447, 106.29270856799579, 101.90222489025626, 104.55330979036742, 109.7327076106917, 112.9848917925684, 127.25513905683192, 108.14904574371403, 354.65663217309503, 92.60533452058121, 88.64086699826116, 89.01545972335232, 93.53967831476483, 95.22278918397686, 86.74078495746905, 85.84729981378025, 84.66768213396738, 85.33908708753394, 59.61777314796266, 64.30357639026714, 61.9995976664655, 70.3369225425495, 65.2880120434197, 67.08570524984188, 63.50479092330513, 69.67736783261459, 56.120568943916275, 62.512595219862156, 94.41947956944298, 72.0896884369704, 62.84305146766367, 65.58167570825798, 77.69411764705882, 61.30512871682299, 76.78610206297503, 240.54621848739498, 63.44837845879202, 76.78084001056618, 36.59688336219109, 35.18598871839375, 35.00901261766473, 37.74991231146966, 32.959326788218796, 40.19926359107645, 35.568627450980394, 28.69462357385431, 36.51204459486363, 30.62916958460801, 47.09374446216552, 41.650363027694446, 43.48983757876986, 50.41832756581541, 41.930484835067524, 45.69209378146426, 36.76984959776146, 41.76800748362956, 43.93802063101558, 42.8343192711257, 52.42865092614675, 38.03005143574582, 60.98463413572455, 47.66410408042579, 136.61774982529698, 57.01254275940707, 58.08948215139789, 53.76384038047113, 72.10181585813942, 45.07610489638731, 79.18750548389927, 68.63688030077817, 72.10589651022865, 87.46228189093453, 85.76199967677638, 102.91016448755798, 82.48344022710546, 257.54130665453994, 76.78821879382889, 68.6688441010117, 52.866569204630764, 58.65638319464177, 50.03222687721559, 57.26268937772832, 38.06794924273434, 42.874260465812924, 67.49826147426982, 47.28481714074621, 47.72425983208131, 52.2440263613269] 