ps: [207.4835226305503] 
std: 96.51865762193131 
latency: [4646.744842590153] 
std: 2218.992817154637 
  
[226.39172704192208, 182.61671094724284, 310.4238258877434, 141.02980589620725, 435.9823399558499, 102.40694889799894, 124.78350515463917, 147.67062059480833, 198.0693600286021, 107.60865121223272, 209.17400278000085, 196.55317360235395, 291.7421880664105, 220.28881514037136, 271.83623462147125, 466.50821089023333, 208.666001330672, 204.6473029045643, 176.18711312367577, 157.61864096620715, 365.260439087387, 141.83006535947712, 156.9246022804092, 145.54673538090685, 150.46100396418868, 204.41868888084028, 144.7823785676479, 147.4623904777649, 143.94207688978082, 174.90829053558326, 248.64426536921593, 220.67562067562068, 247.39517793325615, 316.37590729657455, 275.6985888783535, 116.63119986904567, 116.86129891415693, 254.0722082283795, 166.27987204415732, 138.85565776989398, 200.36810842466326, 575.1809166443313, 270.75523873901557, 187.73773978485826, 290.9240819432993, 100.25225811701522, 118.07894964153063, 140.60975609756096, 129.6955958549223, 103.34183883447199] 
  