tps: [170.87541639459405] 
std: 60.397838631079786 
latency: [6950.28149932911] 
std: 2319.9198822061453 
  
[188.4759400892288, 248.59722952831842, 189.48495301534436, 233.31281329698353, 135.17586022735944, 155.95316986967086, 124.02452619843923, 154.46947304046478, 303.43128308085414, 267.44555714512796, 204.68636421943813, 249.76779287124117, 280.8417997097242, 138.01906058543227, 208.66109133062847, 162.61550823623946, 288.11407652338215, 264.23624470950364, 95.82623509369677, 152.22772277227725, 105.78570708597924, 148.77185051235685, 150.08044127786715, 167.20048043238916, 284.16388911470614, 248.72986704140095, 198.27169446458788, 49.90227217200098, 247.46540368534005, 213.66815003178638, 141.373285011649, 175.5687921101455, 138.75083450782583, 109.84781714554323, 157.88964181994191, 159.86494421608924, 119.04411042342076, 26.766173509585922, 107.22724113968033, 164.1116719636069, 195.1601495402647, 137.66589424899936, 204.60939190651374, 176.64401999743623, 32.539682539682545, 205.35441101478838, 115.73806972719032, 194.01808962587364, 184.24532980657958, 199.64664310954066, 206.26371434270897, 133.7601862630966, 180.4890473764646, 86.43738574040219, 143.03649896870238, 168.89788293897885, 97.79068505048312, 137.46537396121883, 135.21783476613726, 157.69372354132156] 
  