tps: [201.2775696946487] 
std: 100.88845269794162 
latency: [12650.226397347855] 
std: 3672.434806064311 
  
[278.150036416606, 116.15844074190505, 168.25569781167712, 276.8002365813988, 340.58820770204983, 152.95729137398146, 128.4573097405944, 269.83322583617434, 33.39699863574352, 373.2251967119434, 89.75455400667066, 369.67950465360803, 263.9574303737716, 138.19586255882092, 120.51990366907494, 173.87718377446203, 72.27403156384504, 106.26290941280614, 250.41766109785203, 146.4119333452786, 279.04328018223237, 257.0156552202314, 151.21281804020472, 211.66306695464363, 125.14782902517318, 108.12683403977827, 66.63652059524789, 209.41188389645916, 370.4684975767367, 390.4270893004901] 