tps: [146.34701413125532] 
std: 59.1207779064434 
latency: [6020.468110867759] 
std: 2187.266692327661 
  
[266.17536847364477, 61.86522351545703, 150.70689403876986, 179.62431515783982, 199.69074937253495, 150.19011406844106, 300.57542592801536, 127.93572311495673, 247.6489028213166, 162.00139958012596, 226.67717466259484, 174.07814072650746, 268.6276969392875, 100.69329811819082, 182.63500931098696, 127.56997770621749, 185.90418531192418, 205.74636723910172, 241.36184010538048, 242.8485395965071, 215.81399361573636, 169.30930930930933, 177.8964667214462, 137.7848436671966, 58.52295953127129, 171.1997234067074, 120.24879060124395, 72.37271950545309, 131.74497758592065, 170.3145383388897, 157.20695457094786, 107.39208299882664, 73.49301245192491, 78.06296922290791, 69.58734373271379, 177.47141896435778, 166.76777481193884, 65.20467836257309, 178.36626033347346, 69.44738962636244, 163.59608208955223, 125.83826429980276, 187.81565656565655, 79.97007440957618, 159.62062354959136, 147.16594582290008, 226.7463348527781, 77.04667476584238, 99.20827575904694, 66.52107189233857, 165.89795330066303, 27.411814704632384, 125.35344015080113, 82.78684082163568, 136.48424543946933, 58.27674726730705, 179.0859088528025, 160.6695869837297, 30.281690140845072, 160.11511143766836, 76.52827039432506, 124.39563475618179, 154.20293991722565, 182.8040680780407, 207.6852171909206, 149.28615766604594, 138.40172786177106, 117.33296058149286, 114.966502338516, 148.03061414971066] 