tps: [155.40952516255908] 
std: 43.53850134200376 
latency: [8586.916114868496] 
std: 2263.2619280069553 
  
[204.88888888888889, 194.0338763620671, 206.11958950278336, 186.4761558063342, 193.3710447233516, 169.97020854021847, 181.86686766105998, 187.87762906309752, 183.01807961106047, 180.7385306881587, 157.40703273580706, 146.7609285743224, 146.935987509758, 150.08477029318115, 145.75062788625132, 134.35475537538252, 149.90981099521608, 171.85251448796237, 170.56102478946744, 162.58034231241425, 253.46802749427204, 10.93815734118637, 222.77488883864646, 224.68520461699893, 270.7223142716403, 170.56194125159644, 136.94057529052998, 167.26641819817505, 151.88392230283173, 166.08070926322227, 147.81089892873777, 137.97353932122607, 155.38729848143265, 116.63853942927278, 101.35412392285596, 160.0642398286938, 194.56467265023463, 133.6867539399185, 162.84633359296762, 122.49910362136967, 129.29483155471857, 87.42167201589484, 104.03006821643817, 104.08987808335695, 114.56859971711457, 138.06908694558564, 114.83534266526418, 114.13087934560328, 126.3382419295295, 104.9913292618563]