tps: [67.0467255670327] 
std: 22.94292203128989 
latency: [6185.146105309604] 
std: 3710.0922963643143 
  
[68.69294605809128, 83.04121067031464, 72.61485513046263, 74.28063018098173, 73.63369994479596, 71.95337744268349, 70.92774520678181, 75.13570508064201, 80.14490911402059, 105.68429391958803, 108.9718682001865, 30.111311958900203, 105.27547994381146, 108.52849336455894, 103.9996872189858, 106.18670016487398, 104.21696129584925, 100.95482068001863, 55.34964638251201, 62.07861845996136, 55.381689973457995, 57.97990643454253, 56.78432271372908, 58.64409518807321, 67.4881671291007, 54.947640898929286, 59.64099594672843, 71.72553207719888, 74.57705386003946, 80.81332717759311, 72.01732863057813, 72.87591926146143, 80.92227738132175, 74.17010410528384, 73.8985144019469, 79.17016245900389, 91.77682663535472, 89.76294730484675, 91.72509438323446, 88.41744883828282, 93.90765201987138, 93.59700859643037, 98.49065741151782, 89.8863549691099, 91.88198997300424, 184.87965838509317, 47.343957503320055, 53.901585340745314, 41.20402148019542, 47.22290188402251, 50.409002200722504, 51.55693768157453, 43.49421164193706, 50.923645320197046, 51.05949958098886, 47.52446865145993, 52.02119227399775, 45.591673580209665, 35.95012430080796, 48.506866815713835, 49.32030586236194, 46.84317718940937, 52.90570175438596, 58.28790882061447, 59.435793647515595, 55.39406345957011, 57.33287467033597, 51.28810226155359, 52.707790327251665, 55.475586196446834, 56.15984866398676, 60.224572698704684, 49.40797838525111, 52.05917632946821, 39.888827996555236, 44.606358819076455, 47.78474995246244, 47.36027705117341, 50.78553931919925, 41.80576915863311, 49.29408470983482, 52.3453827695642, 59.62988348183687, 59.246234997324365, 50.877781505087775, 57.49078407820072, 62.66278535314846, 59.67642288979844, 53.015357239565205, 67.03645661497855] 