tps: [79.62811804827939] 
std: 25.922539323927765 
latency: [6562.789466306921] 
std: 2966.7600145043416 
  
[137.8224484513847, 122.81729991915927, 130.83796664019061, 123.96164813819895, 128.3525643499402, 124.01660407195097, 128.46642828764402, 50.02375484994853, 63.07880878881424, 55.33820029847134, 46.8873439721915, 54.590912670289, 53.65661344372167, 55.52928194214551, 125.40801671236454, 121.20484819392776, 115.46399936492816, 117.06581180463888, 128.15200141068593, 123.21167289871566, 106.53199646122088, 61.720698254364095, 68.94860311367029, 57.90386814400063, 60.24581906105178, 62.723873253296595, 57.56314073608547, 54.192309199952966, 68.46794094274124, 68.63790787706408, 76.6842042802326, 72.13969973318466, 80.0423849696377, 79.6978476821192, 71.51756289687324, 89.18334950171973, 83.49130123425586, 79.08041401273886, 83.50895679662803, 74.04355503237198, 83.46836263469173, 72.58392111968683, 91.47185794575222, 96.12333290449848, 83.49001880225627, 84.88053114936588, 89.43947673455871, 97.99245544812037, 89.60757247091303, 82.72579521708846, 83.28515111695138, 79.01639344262296, 68.81692347871507, 69.98553836715018, 74.4709959868661, 71.47528119278054, 70.58823529411764, 70.33046588876587, 68.4491073694898, 68.23032011274411, 73.43488597340847, 70.32007759456839, 61.70545254888711, 44.62161372458989, 49.64335492334181, 44.70315690277996, 44.46714066857839, 44.950590503735846, 41.00084954892997, 40.47774492107992] 