tps: [229.81246827954178] 
std: 88.02455614680179 
latency: [11891.831253545131] 
std: 3014.9007177734516 
  
[307.30230522322734, 459.2657262325966, 441.69329073482425, 231.4194875631195, 334.6265490677682, 182.14418431809736, 169.08702015084992, 168.03071405581866, 175.85740580744525, 184.77854955560537, 194.31985151960407, 184.09154563277718, 191.8973124749298, 164.38087774294672, 183.24711500198967, 240.5593056894889, 376.16056260124054, 417.7262824321648, 117.60079022462867, 131.4534023668639, 183.51330290548813, 161.58388459094814, 204.32967032967034, 175.092454916314, 250.90579710144925, 223.77394552799618, 212.45196307594787, 221.57200454065057, 195.9499234723912, 209.55882352941174]