tps: [481.4814722798692] 
std: 235.1516414931628 
latency: [17307.527264443685] 
std: 3687.436471455814 
  
[12.278356318603997, 67.85392245266006, 737.1479584961595, 740.1364113326338, 470.36169452495335, 773.9734203406016, 499.4134799074974, 460.5267964782815, 604.4872229377075, 737.1918335901387, 764.275678207299, 536.1227388249365, 17.41792462788979, 235.95770108282332, 539.113495779365, 681.3805776375184, 412.6549135974865, 394.6776228306454, 448.35989077460164, 496.29780585558046] 